5.241	3.261	34.733
6.271	3.618	33.777
6.042	2.834	32.486
6.193	3.382	31.39
7.656	3.329	34.35
8.191	4.476	35.194
9.474	4.11	35.933
10.197	5.367	36.395
9.283	6.31	37.116
5.672	1.563	32.625
5.418	0.735	31.456
4.231	1.325	30.674
4.339	1.544	29.466
5.097	-0.698	31.871
4.571	-1.558	30.717
4.512	-3.042	31.061
4.4	-3.374	32.265
4.551	-3.878	30.121
3.118	1.577	31.375
1.934	2.13	30.732
2.308	3.377	29.96
1.984	3.496	28.776
0.856	2.456	31.775
-0.439	3.101	31.275
-1.107	2.216	30.221
-1.384	3.317	32.459
3.01	4.292	30.612
3.412	5.522	29.939
4.36	5.239	28.775
4.293	5.903	27.739
4.08	6.49	30.925
4.466	7.817	30.296
3.344	8.403	29.444
2.273	8.74	30.013
3.526	8.523	28.202
5.23	4.243	28.948
6.188	3.855	27.921
5.428	3.318	26.701
5.734	3.672	25.555
7.132	2.779	28.463
8.41	2.563	27.658
9.409	3.707	27.854
10.55	3.363	28.716
10.459	3.041	30.005
11.549	2.75	30.695
9.275	3	30.61
4.428	2.487	26.961
3.608	1.886	25.904
2.785	2.923	25.133
2.636	2.822	23.915
2.682	0.829	26.498
1.723	0.089	25.553
2.49	-0.464	24.347
1.036	-1.039	26.309
2.26	3.917	25.843
1.482	4.952	25.166
2.356	5.831	24.272
1.921	6.281	23.226
0.759	5.839	26.179
-0.251	5.1	27.048
-1.095	6.131	27.804
-1.655	5.568	29.087
-2.266	6.666	29.906
3.592	6.085	24.689
4.455	6.942	23.881
4.965	6.175	22.663
5.126	6.749	21.589
5.61	7.501	24.735
6.976	6.873	24.535
7.928	7.449	25.587
9.286	6.929	25.471
10.04	6.604	26.52
11.272	6.144	26.343
9.546	6.721	27.754
5.204	4.884	22.839
5.64	4.032	21.742
4.48	3.967	20.744
4.688	4.116	19.522
5.946	2.583	22.246
7.26	2.58	23.011
5.989	1.607	21.097
7.479	1.318	23.851
3.266	3.762	21.258
2.088	3.69	20.394
1.876	4.979	19.598
1.409	4.929	18.468
0.846	3.336	21.205
0.784	1.864	21.55
1.631	1.092	21.028
-0.105	1.465	22.328
2.228	6.134	20.167
2.102	7.378	19.421
3.082	7.331	18.248
2.761	7.736	17.145
2.462	8.603	20.28
1.42	8.944	21.339
1.882	10.133	22.157
1.835	9.824	23.587
2.886	9.866	24.393
2.744	9.569	25.671
4.076	10.203	23.921
4.281	6.836	18.514
5.284	6.748	17.466
4.893	5.728	16.397
5.125	5.984	15.205
6.667	6.439	18.086
7.29	7.69	18.757
8.847	7.401	19.66
8.489	5.935	20.478
4.321	4.585	16.798
3.908	3.595	15.795
2.796	4.203	14.942
2.73	4.01	13.712
3.395	2.309	16.456
4.487	1.521	17.2
3.928	0.169	17.695
5.053	-0.691	18.306
4.6	-2.091	18.582
1.926	4.959	15.602
0.82	5.639	14.93
1.34	6.636	13.902
0.827	6.719	12.781
-0.058	6.4	15.962
-1.014	7.358	15.275
-0.775	5.443	16.73
2.364	7.402	14.266
2.904	8.366	13.316
3.626	7.642	12.178
3.62	8.122	11.038
3.831	9.354	14.001
3.062	10.31	14.926
1.848	10.955	14.237
2.039	11.642	13.203
0.708	10.753	14.723
4.23	6.495	12.483
4.925	5.726	11.436
3.889	5.241	10.412
4.083	5.412	9.164
5.625	4.516	12.052
6.217	3.572	11.036
5.422	2.635	10.396
7.57	3.664	10.697
5.963	1.789	9.405
8.113	2.82	9.718
7.313	1.891	9.075
2.814	4.627	10.911
1.759	4.119	10.042
1.115	5.243	9.233
0.788	5.059	8.043
0.681	3.392	10.878
1.242	2.053	11.372
-0.576	3.151	10.053
1.639	1.098	10.219
0.938	6.401	9.864
0.326	7.543	9.211
1.217	8.022	8.061
0.718	8.338	6.967
0.122	8.682	10.206
2.526	8.097	8.313
3.448	8.56	7.291
3.567	7.591	6.116
3.582	8.015	4.961
4.857	8.783	7.857
5.815	9.225	6.79
6.904	8.476	6.628
5.595	10.234	6.117
3.664	6.304	6.4
3.79	5.357	5.295
2.495	5.305	4.48
2.534	5.114	3.264
4.205	3.951	5.8
4.78	3.162	4.623
3.046	3.219	6.418
5.584	1.943	5.018
1.351	5.499	5.147
0.078	5.534	4.442
0.055	6.615	3.39
-0.416	6.428	2.26
-1.096	5.734	5.41
-1.327	4.577	6.189
0.575	7.767	3.773
0.63	8.92	2.875
1.618	8.73	1.741
1.336	9.067	0.604
1.013	10.18	3.636
-0.025	10.615	4.622
-1.276	10.153	4.864
0.166	11.668	5.492
-0.923	11.839	6.219
-1.815	10.933	5.856
2.791	8.193	2.06
3.788	7.992	1.025
3.328	6.98	-0.035
3.682	7.123	-1.201
5.131	7.608	1.666
5.738	8.799	2.382
7.112	8.541	2.96
7.988	8.027	2.224
7.324	8.874	4.156
2.538	5.99	0.378
2.03	4.981	-0.538
1.092	5.591	-1.594
0.864	4.984	-2.656
1.291	3.879	0.223
2.106	2.834	0.996
1.212	2.027	1.907
2.821	1.903	0.004
0.57	6.787	-1.294
-0.331	7.511	-2.17
0.228	8.06	-3.479
-0.394	7.961	-4.552
-1.051	8.624	-1.394
-2.166	9.356	-2.139
-3.377	8.477	-2.357
-3.831	7.835	-1.123
-4.922	7.09	-1.024
-5.263	6.551	0.142
-5.681	6.874	-2.085
1.403	8.653	-3.397
2.041	9.227	-4.578
2.138	8.188	-5.707
1.656	8.424	-6.817
3.456	9.759	-4.264
4.175	10.171	-5.539
3.363	10.887	-3.386
2.751	7.027	-5.433
2.893	5.976	-6.443
1.566	5.464	-6.98
1.369	5.39	-8.195
3.659	4.879	-5.701
4.411	5.626	-4.662
3.412	6.629	-4.179
0.654	5.105	-6.083
-0.627	4.587	-6.507
-1.354	5.608	-7.386
-2.287	5.234	-8.124
-1.499	4.231	-5.32
-2.689	3.393	-5.767
-2.175	2.042	-6.232
-3.7	3.242	-4.647
-0.898	6.865	-7.294
-1.452	7.965	-8.064
-0.83	8.001	-9.457
-1.508	8.054	-10.488
-1.221	9.329	-7.403
-1.693	10.457	-8.303
-1.921	9.387	-6.147
0.483	8.006	-9.48
1.216	8.023	-10.724
0.879	6.775	-11.53
0.78	6.834	-12.763
2.716	8.098	-10.451
0.687	5.652	-10.838
0.353	4.383	-11.488
-0.967	4.471	-12.215
-1.053	4.195	-13.416
0.203	3.223	-10.484
1.567	2.766	-9.984
-0.541	2.072	-11.143
1.463	1.67	-8.914
-2.004	4.84	-11.473
-3.335	4.952	-12.034
-3.36	5.953	-13.199
-3.809	5.628	-14.304
-4.319	5.409	-10.962
-5.482	4.464	-10.72
-6.732	5.248	-10.373
-7.765	4.389	-9.676
-8.998	5.173	-9.343
-2.862	7.16	-12.927
-2.809	8.238	-13.896
-2.298	7.815	-15.27
-2.944	8.045	-16.295
-2.051	9.389	-13.347
-1.116	7.231	-15.293
-0.537	6.807	-16.548
-1.296	5.594	-17.077
-0.819	4.925	-17.996
0.951	6.485	-16.358
1.857	7.695	-16.316
1.609	8.752	-15.445
2.957	7.801	-17.185
2.415	9.918	-15.421
3.797	8.942	-17.173
3.513	9.999	-16.296
4.293	11.111	-16.297
-2.491	5.351	-16.515
-3.304	4.204	-16.917
-4.787	4.458	-17.244
-5.225	4.157	-18.352
-3.192	3.097	-15.859
-5.577	4.972	-16.298
-6.999	5.214	-16.589
-7.121	6.249	-17.702
-8.103	6.266	-18.453
-7.772	5.696	-15.355
-8.878	4.719	-14.924
-9.939	5.35	-14.02
-9.574	5.912	-12.961
-11.144	5.277	-14.372
-6.118	7.111	-17.804
-6.092	8.121	-18.848
-5.923	7.365	-20.16
-6.738	7.507	-21.084
-4.898	9.079	-18.663
-4.749	9.98	-19.881
-5.097	9.884	-17.489
-4.871	6.549	-20.198
-4.523	5.73	-21.367
-5.703	4.937	-21.93
-6.063	5.078	-23.1
-3.39	4.742	-21.009
-2.122	5.493	-20.603
-3.104	3.817	-22.175
-1.338	6.081	-21.74
-6.302	4.102	-21.082
-7.444	3.273	-21.481
-8.535	4.065	-22.151
-9.099	3.628	-23.156
-8.011	2.551	-20.253
-9.325	1.849	-20.484
-9.398	0.528	-20.929
-10.517	2.519	-20.228
-10.612	-0.078	-21.095
-11.752	1.9	-20.402
-11.799	0.595	-20.835
-13.027	-0.023	-21.005
-8.831	5.24	-21.6
-9.893	6.074	-22.145
-9.57	6.766	-23.47
-10.479	7.102	-24.238
-10.325	7.101	-21.1
-11.223	6.495	-20.032
-10.654	6.228	-18.857
-12.409	6.252	-20.269
-8.29	6.979	-23.741
-7.874	7.625	-24.994
-7.373	6.517	-25.915
-6.657	6.775	-26.882
-6.723	8.591	-24.743
-5.499	7.868	-24.606
-7.764	5.286	-25.596
-7.347	4.116	-26.344
-7.403	4.267	-27.868
-6.428	4.024	-28.555
-8.186	2.913	-25.913
-7.472	1.571	-26.03
-6.12	1.641	-25.337
-8.334	0.484	-25.41
-8.55	4.663	-28.387
-8.716	4.83	-29.817
-7.92	5.95	-30.468
-8.005	6.134	-31.687
-7.144	6.708	-29.695
-6.376	7.801	-30.288
-4.913	7.808	-29.868
-4.283	8.87	-29.86
-6.964	9.172	-29.913
-8.368	9.175	-29.311
-9.463	8.963	-30.344
-9.476	9.688	-31.371
-10.32	8.078	-30.12
-4.34	6.653	-29.541
-2.953	6.684	-29.103
-1.859	5.965	-29.884
-1.965	4.79	-30.25
-2.872	6.266	-27.648
-3.591	5.006	-27.195
-2.607	3.848	-27.189
-4.185	5.206	-25.808
-0.803	6.734	-30.12
0.402	6.311	-30.803
1.167	5.526	-29.752
1.005	5.767	-28.555
1.207	7.542	-31.172
1.391	8.477	-29.986
0.391	9.107	-29.573
2.518	8.572	-29.452
2.019	4.6	-30.164
2.737	3.864	-29.145
4.183	4.297	-28.982
5.139	3.621	-29.382
2.576	2.362	-29.369
1.085	2.047	-29.396
0.883	0.546	-29.233
0.34	2.786	-28.282
4.272	5.49	-28.412
5.461	6.209	-28.057
5.019	6.655	-26.673
5.795	6.748	-25.704
5.691	7.439	-28.935
6.138	8.532	-28.137
3.718	6.926	-26.612
3.054	7.274	-25.378
2.882	5.867	-24.798
1.772	5.418	-24.542
1.659	7.917	-25.644
0.866	8.103	-24.374
1.833	9.201	-26.26
4.003	5.165	-24.637
4.004	3.8	-24.088
5.332	3.345	-23.454
5.37	3.146	-22.25
3.574	2.767	-25.161
2.294	2.055	-24.902
1.992	1.062	-26.005
2.424	1.351	-23.568
6.413	3.2	-24.225
7.679	2.736	-23.64
8.221	3.63	-22.518
8.758	3.13	-21.523
8.759	2.573	-24.707
10.048	1.954	-24.174
11.124	1.879	-25.262
12.446	1.331	-24.726
13.602	1.767	-25.465
8.119	4.941	-22.679
8.583	5.86	-21.645
7.585	5.796	-20.48
7.974	5.702	-19.313
8.64	7.293	-22.162
9.571	7.527	-23.34
9.643	8.997	-23.724
10.27	9.321	-24.759
9.077	9.827	-22.98
6.299	5.842	-20.816
5.218	5.793	-19.846
5.232	4.494	-19.042
5.04	4.509	-17.824
3.874	5.962	-20.564
3.565	7.389	-20.933
4.585	8.285	-21.234
2.256	7.846	-20.986
4.296	9.603	-21.585
1.975	9.106	-21.326
3.002	10.02	-21.639
5.448	3.373	-19.722
5.505	2.085	-19.061
6.613	2.135	-18.015
6.466	1.603	-16.913
5.772	0.988	-20.084
4.639	-0.016	-20.354
3.286	0.604	-20.084
4.721	-0.467	-21.807
7.719	2.792	-18.357
8.843	2.911	-17.437
8.402	3.632	-16.166
8.922	3.368	-15.078
10.002	3.695	-18.068
11.337	3.48	-17.362
12.268	4.676	-17.439
12.448	5.231	-18.545
12.835	5.057	-16.388
7.444	4.543	-16.316
6.941	5.315	-15.191
6.212	4.406	-14.203
6.504	4.417	-13.004
5.971	6.42	-15.665
5.198	6.918	-14.512
6.761	7.565	-16.31
5.262	3.624	-14.717
4.499	2.7	-13.891
5.421	1.737	-13.16
5.166	1.377	-12.016
3.501	1.883	-14.736
2.353	2.785	-15.206
2.968	0.707	-13.932
1.2	2.024	-15.836
6.495	1.332	-13.829
7.459	0.414	-13.25
8.317	1.076	-12.187
8.59	0.475	-11.146
8.38	-0.181	-14.342
7.605	-1.229	-15.142
9.632	-0.778	-13.712
8.3	-1.669	-16.419
8.759	2.302	-12.44
9.578	2.997	-11.458
8.685	3.246	-10.238
9.101	3.018	-9.098
10.079	4.333	-12.008
11.118	4.976	-11.105
10.923	6.144	-10.695
12.137	4.32	-10.806
7.459	3.705	-10.495
6.514	3.984	-9.424
6.165	2.726	-8.648
6.154	2.747	-7.417
5.245	4.616	-9.993
5.42	6.065	-10.394
6.025	6.9	-9.282
5.174	7.452	-8.432
7.245	7.029	-9.179
5.875	1.644	-9.375
5.583	0.39	-8.751
6.702	-0.123	-7.859
6.474	-0.697	-6.785
5.156	-0.68	-9.762
3.823	-0.473	-10.205
7.926	0.097	-8.305
9.1	-0.325	-7.549
9.183	0.531	-6.292
9.724	0.113	-5.273
10.39	-0.127	-8.351
10.505	-1.077	-9.524
9.466	-1.879	-9.748
11.524	-1.084	-10.235
8.652	1.744	-6.379
8.669	2.636	-5.234
7.592	2.21	-4.238
7.82	2.222	-3.03
8.442	4.086	-5.667
8.318	5.038	-4.515
7.453	6.057	-4.285
9.155	4.986	-3.42
8.808	5.932	-2.563
7.779	6.593	-3.062
6.429	1.841	-4.752
5.343	1.4	-3.899
5.773	0.089	-3.239
5.504	-0.137	-2.045
4.067	1.206	-4.717
2.724	1.212	-3.966
1.603	1.571	-4.925
2.465	-0.147	-3.318
6.455	-0.759	-4.013
6.932	-2.04	-3.492
7.903	-1.848	-2.333
7.835	-2.596	-1.33
7.613	-2.854	-4.597
8.514	-3.972	-4.054
9.181	-4.782	-5.164
8.479	-5.584	-5.82
10.402	-4.605	-5.377
8.816	-0.889	-2.446
9.753	-0.649	-1.358
8.989	-0.192	-0.118
9.297	-0.599	0.989
10.784	0.406	-1.733
11.822	-0.127	-2.716
12.217	0.71	-3.68
12.27	-1.274	-2.6
7.989	0.663	-0.324
7.19	1.165	0.792
6.404	0.026	1.45
6.417	-0.108	2.667
6.246	2.26	0.307
6.932	3.562	-0.097
5.919	4.491	-0.764
7.541	4.231	1.123
5.731	-0.803	0.659
4.963	-1.895	1.223
5.911	-2.796	2.01
5.498	-3.407	3.01
4.226	-2.672	0.118
3.355	-3.893	0.471
2.303	-3.523	1.52
2.661	-4.405	-0.797
7.172	-2.868	1.584
8.156	-3.704	2.271
8.537	-3.119	3.621
8.832	-3.872	4.569
9.425	-3.891	1.425
9.19	-4.776	0.205
10.127	-4.745	-0.732
8.2	-5.488	0.117
8.566	-1.791	3.716
8.902	-1.143	4.962
7.744	-1.417	5.946
7.961	-1.753	7.097
9.063	0.361	4.773
10.393	0.782	4.187
10.373	2.216	3.686
9.777	3.091	4.376
10.947	2.473	2.606
6.516	-1.277	5.453
5.337	-1.525	6.278
5.318	-2.987	6.701
5.111	-3.318	7.884
4.054	-1.19	5.493
2.742	-1.543	6.212
2.63	-0.777	7.512
1.559	-1.193	5.294
5.549	-3.883	5.747
5.55	-5.303	6.083
6.689	-5.634	7.071
6.465	-6.429	7.986
5.689	-6.157	4.83
5.623	-7.675	5.017
4.263	-8.081	5.553
5.863	-8.355	3.656
7.871	-5.025	6.885
9.008	-5.253	7.813
8.592	-4.777	9.215
8.891	-5.404	10.24
10.24	-4.443	7.382
11.082	-5.138	6.317
10.839	-6.308	6.007
12.009	-4.475	5.8
7.939	-3.632	9.247
7.466	-3.035	10.504
6.511	-3.992	11.221
6.662	-4.254	12.425
6.767	-1.72	10.178
6.017	-1.118	11.326
6.672	-0.331	12.259
4.653	-1.355	11.474
5.957	0.224	13.329
3.942	-0.805	12.549
4.601	-0.02	13.467
5.558	-4.531	10.465
4.552	-5.454	10.978
5.195	-6.746	11.468
4.865	-7.239	12.57
3.522	-5.769	9.86
2.691	-6.864	10.197
6.12	-7.28	10.665
6.805	-8.506	11.016
7.67	-8.343	12.244
7.764	-9.277	13.065
7.66	-8.98	9.82
6.82	-9.707	8.771
7.559	-9.905	7.459
6.842	-10.883	6.624
7.179	-11.2	5.372
8.216	-10.62	4.794
6.491	-12.118	4.712
8.287	-7.177	12.396
9.129	-6.915	13.557
8.217	-6.869	14.805
8.577	-7.391	15.866
9.876	-5.581	13.374
10.96	-5.201	14.398
12.076	-6.257	14.44
11.553	-3.843	14.028
7.031	-6.272	14.641
6.034	-6.167	15.73
5.634	-7.547	16.248
5.492	-7.76	17.459
4.729	-5.524	15.234
4.681	-4.042	15.09
3.224	-3.561	14.983
2.48	-4.039	14.081
2.821	-2.714	15.809
5.387	-8.457	15.309
4.94	-9.806	15.61
6.062	-10.833	15.771
5.783	-12.004	16.02
3.995	-10.283	14.504
2.703	-9.508	14.424
1.883	-9.92	13.171
2.521	-9.419	11.95
2.766	-10.174	10.888
2.442	-11.469	10.887
3.324	-9.633	9.804
7.302	-10.398	15.607
8.429	-11.309	15.694
8.208	-12.456	14.73
8.466	-13.624	15.051
8.571	-11.819	17.141
9.296	-10.785	18
8.887	-10.836	19.464
9.538	-9.67	20.208
9.116	-9.558	21.629
7.738	-12.12	13.525
7.472	-13.142	12.544
8.106	-12.824	11.202
7.854	-13.536	10.227
5.949	-13.336	12.353
5.366	-12.138	11.854
-5.876	-2.614	34.687
-6.889	-2.99	33.718
-6.635	-2.23	32.417
-6.767	-2.798	31.33
-8.284	-2.69	34.26
-8.834	-3.821	35.117
-10.13	-3.442	35.824
-10.862	-4.69	36.297
-9.961	-5.62	37.051
-6.269	-0.956	32.539
-5.993	-0.151	31.36
-4.792	-0.754	30.612
-4.879	-0.996	29.406
-5.679	1.291	31.755
-5.131	2.128	30.594
-5.079	3.619	30.911
-4.989	3.973	32.111
-5.101	4.437	29.955
-3.691	-0.993	31.337
-2.496	-1.558	30.726
-2.858	-2.819	29.97
-2.511	-2.96	28.796
-1.438	-1.864	31.794
-0.134	-2.519	31.33
0.554	-1.653	30.271
0.789	-2.712	32.534
-3.571	-3.722	30.627
-3.96	-4.965	29.969
-4.886	-4.703	28.782
-4.802	-5.386	27.761
-4.647	-5.913	30.96
-5.022	-7.253	30.349
-3.883	-7.854	29.528
-2.824	-8.18	30.124
-4.043	-7.997	28.286
-5.76	-3.704	28.92
-6.699	-3.336	27.869
-5.916	-2.822	26.654
-6.203	-3.197	25.51
-7.651	-2.25	28.375
-8.916	-2.049	27.542
-9.918	-3.189	27.741
-11.075	-2.83	28.577
-11.007	-2.484	29.861
-12.11	-2.18	30.525
-9.835	-2.431	30.486
-4.921	-1.985	26.917
-4.082	-1.404	25.864
-3.246	-2.455	25.128
-3.074	-2.377	23.912
-3.167	-0.336	26.455
-2.19	0.387	25.515
-2.934	0.917	24.284
-1.516	1.529	26.262
-2.733	-3.436	25.865
-1.943	-4.483	25.223
-2.801	-5.378	24.329
-2.348	-5.847	23.3
-1.239	-5.35	26.266
-0.245	-4.596	27.139
0.585	-5.612	27.929
1.122	-5.025	29.211
1.718	-6.108	30.062
-4.045	-5.624	24.729
-4.893	-6.497	23.921
-5.379	-5.753	22.679
-5.521	-6.347	21.614
-6.064	-7.04	24.764
-7.425	-6.416	24.528
-8.396	-6.972	25.572
-9.752	-6.455	25.422
-10.525	-6.111	26.45
-11.754	-5.655	26.243
-10.054	-6.205	27.695
-5.622	-4.459	22.828
-6.038	-3.627	21.706
-4.86	-3.581	20.729
-5.045	-3.753	19.507
-6.353	-2.169	22.177
-7.681	-2.152	22.918
-6.375	-1.215	21.01
-7.915	-0.875	23.731
-3.655	-3.366	21.261
-2.462	-3.309	20.418
-2.236	-4.613	19.65
-1.748	-4.585	18.528
-1.235	-2.94	21.244
-1.179	-1.463	21.563
-2.016	-0.701	21.011
-0.303	-1.049	22.349
-2.598	-5.758	20.234
-2.459	-7.015	19.513
-3.417	-6.99	18.321
-3.077	-7.416	17.232
-2.834	-8.225	20.388
-1.812	-8.546	21.472
-2.29	-9.719	22.303
-2.268	-9.384	23.728
-3.334	-9.411	24.516
-3.215	-9.09	25.79
-4.515	-9.756	24.029
-4.62	-6.49	18.557
-5.604	-6.422	17.488
-5.194	-5.422	16.408
-5.404	-5.701	15.218
-6.998	-6.102	18.078
-7.634	-7.341	18.761
-9.207	-7.035	19.628
-8.864	-5.554	20.426
-4.629	-4.273	16.798
-4.198	-3.3	15.785
-3.071	-3.925	14.964
-2.982	-3.754	13.733
-3.697	-2.003	16.431
-4.802	-1.201	17.141
-4.251	0.159	17.619
-5.388	1.031	18.194
-4.939	2.435	18.452
-2.212	-4.668	15.654
-1.094	-5.36	15.014
-1.596	-6.376	13.996
-1.062	-6.479	12.887
-0.235	-6.102	16.076
0.732	-7.072	15.426
0.467	-5.13	16.839
-2.627	-7.135	14.356
-3.149	-8.117	13.414
-3.85	-7.414	12.249
-3.823	-7.916	11.119
-4.087	-9.092	14.1
-3.336	-10.031	15.057
-2.111	-10.688	14.402
-2.282	-11.394	13.378
-0.979	-10.477	14.905
-4.46	-6.262	12.523
-5.135	-5.512	11.449
-4.08	-5.047	10.435
-4.252	-5.241	9.188
-5.846	-4.291	12.029
-6.419	-3.367	10.985
-5.613	-2.442	10.343
-7.766	-3.465	10.623
-6.134	-1.614	9.326
-8.291	-2.639	9.619
-7.479	-1.723	8.974
-3.014	-4.423	10.941
-1.943	-3.931	10.084
-1.286	-5.07	9.307
-0.937	-4.908	8.12
-0.881	-3.189	10.925
-1.451	-1.841	11.383
0.391	-2.963	10.119
-1.827	-0.908	10.206
-1.12	-6.217	9.963
-0.497	-7.37	9.342
-1.367	-7.871	8.185
-0.848	-8.206	7.106
-0.312	-8.491	10.362
-2.681	-7.941	8.414
-3.584	-8.423	7.385
-3.681	-7.476	6.19
-3.674	-7.921	5.043
-5.002	-8.636	7.928
-5.941	-9.097	6.853
-7.027	-8.352	6.658
-5.709	-10.119	6.203
-3.783	-6.184	6.449
-3.889	-5.258	5.323
-2.577	-5.221	4.532
-2.596	-5.053	3.312
-4.311	-3.843	5.794
-4.865	-3.076	4.592
-3.164	-3.099	6.42
-5.676	-1.85	4.95
-1.447	-5.402	5.223
-0.161	-5.45	4.543
-0.12	-6.55	3.511
0.373	-6.385	2.386
0.994	-5.632	5.536
1.211	-4.46	6.296
-0.647	-7.695	3.906
-0.685	-8.864	3.029
-1.652	-8.696	1.873
-1.349	-9.054	0.748
-1.082	-10.11	3.805
-0.063	-10.527	4.819
1.184	-10.06	5.074
-0.27	-11.563	5.704
0.806	-11.721	6.454
1.704	-10.821	6.091
-2.831	-8.154	2.161
-3.809	-7.972	1.104
-3.328	-6.98	0.034
-3.662	-7.144	-1.136
-5.162	-7.576	1.713
-5.782	-8.754	2.44
-7.167	-8.485	2.988
-8.029	-7.985	2.227
-7.401	-8.796	4.186
-2.546	-5.982	0.443
-2.021	-4.99	-0.482
-1.065	-5.62	-1.509
-0.818	-5.033	-2.577
-1.296	-3.874	0.272
-2.125	-2.815	1.01
-1.248	-1.991	1.922
-2.821	-1.902	-0.011
-0.548	-6.81	-1.177
0.369	-7.549	-2.024
-0.166	-8.123	-3.332
0.474	-8.044	-4.396
1.074	-8.648	-1.215
2.202	-9.394	-1.926
3.418	-8.518	-2.139
3.847	-7.853	-0.909
4.937	-7.106	-0.803
5.258	-6.546	0.359
5.716	-6.91	-1.854
-1.343	-8.714	-3.261
-1.959	-9.311	-4.442
-2.036	-8.293	-5.592
-1.534	-8.549	-6.687
-3.38	-9.837	-4.144
-4.076	-10.273	-5.425
-3.303	-10.949	-3.244
-2.653	-7.127	-5.35
-2.776	-6.095	-6.383
-1.44	-5.593	-6.905
-1.222	-5.541	-8.116
-3.556	-4.984	-5.675
-4.327	-5.712	-4.636
-3.337	-6.706	-4.116
-0.544	-5.217	-5.997
0.744	-4.707	-6.408
1.487	-5.744	-7.254
2.433	-5.383	-7.981
1.594	-4.329	-5.212
2.792	-3.499	-5.653
2.287	-2.157	-6.152
3.782	-3.327	-4.517
1.03	-6.999	-7.148
1.596	-8.113	-7.886
1.001	-8.175	-9.29
1.697	-8.247	-10.307
1.354	-9.464	-7.205
1.842	-10.609	-8.075
2.03	-9.499	-5.936
-0.311	-8.181	-9.337
-1.022	-8.221	-10.593
-0.671	-6.989	-11.416
-0.55	-7.07	-12.645
-2.527	-8.291	-10.347
-0.491	-5.853	-10.741
-0.145	-4.596	-11.409
1.188	-4.697	-12.11
1.297	-4.444	-13.314
-0.013	-3.418	-10.425
-1.386	-2.951	-9.957
0.742	-2.278	-11.091
-1.3	-1.835	-8.907
2.212	-5.052	-11.343
3.553	-5.174	-11.877
3.598	-6.197	-13.022
4.069	-5.893	-14.125
4.516	-5.611	-10.78
5.675	-4.661	-10.534
6.918	-5.439	-10.151
7.94	-4.567	-9.45
9.166	-5.344	-9.079
3.096	-7.399	-12.738
3.061	-8.495	-13.688
2.574	-8.097	-15.078
3.24	-8.346	-16.086
2.291	-9.635	-13.131
1.392	-7.514	-15.133
0.837	-7.113	-16.406
1.605	-5.911	-16.943
1.146	-5.258	-17.884
-0.654	-6.788	-16.248
-1.56	-7.997	-16.201
-1.329	-9.038	-15.307
-2.645	-8.119	-17.087
-2.135	-10.204	-15.276
-3.485	-9.26	-17.071
-3.217	-10.301	-16.168
-3.997	-11.413	-16.163
2.791	-5.657	-16.365
3.611	-4.517	-16.773
5.1	-4.777	-17.069
5.557	-4.497	-18.175
3.48	-3.39	-15.738
5.872	-5.273	-16.099
7.299	-5.521	-16.36
7.441	-6.575	-17.45
8.437	-6.606	-18.183
8.05	-5.979	-15.103
9.147	-4.994	-14.67
10.192	-5.607	-13.735
9.807	-6.15	-12.673
11.403	-5.541	-14.067
6.44	-7.439	-17.555
6.434	-8.469	-18.58
6.288	-7.737	-19.908
7.12	-7.897	-20.816
5.235	-9.424	-18.399
5.109	-10.347	-19.603
5.413	-10.207	-17.206
5.238	-6.922	-19.982
4.911	-6.126	-21.171
6.101	-5.343	-21.726
6.483	-5.506	-22.888
3.772	-5.131	-20.852
2.496	-5.875	-20.456
3.507	-4.228	-22.04
1.733	-6.484	-21.595
6.684	-4.492	-20.884
7.833	-3.67	-21.278
8.937	-4.475	-21.913
9.519	-4.057	-22.916
8.378	-2.926	-20.053
9.696	-2.228	-20.273
9.778	-0.915	-20.742
10.883	-2.893	-19.984
10.996	-0.312	-20.897
12.122	-2.277	-20.146
12.177	-0.98	-20.603
13.407	-0.365	-20.762
9.221	-5.639	-21.336
10.294	-6.483	-21.845
9.996	-7.2	-23.163
10.918	-7.549	-23.907
10.706	-7.49	-20.774
11.585	-6.865	-19.7
10.994	-6.575	-18.542
12.775	-6.626	-19.919
8.72	-7.418	-23.452
8.327	-8.087	-24.7
7.843	-6.997	-25.652
7.145	-7.272	-26.627
7.171	-9.049	-24.453
5.945	-8.323	-24.351
8.229	-5.759	-25.348
7.826	-4.604	-26.124
7.909	-4.783	-27.644
6.947	-4.553	-28.354
8.657	-3.393	-25.701
7.945	-2.053	-25.857
6.58	-2.11	-25.186
8.797	-0.955	-25.241
9.066	-5.188	-28.135
9.257	-5.382	-29.56
8.473	-6.514	-30.203
8.581	-6.72	-31.417
7.683	-7.258	-29.43
6.926	-8.362	-30.017
5.455	-8.361	-29.624
4.826	-9.423	-29.608
7.506	-9.725	-29.605
8.899	-9.717	-28.98
10.013	-9.524	-29.994
10.045	-10.268	-31.009
10.866	-8.635	-29.772
4.876	-7.2	-29.33
3.483	-7.224	-28.914
2.402	-6.519	-29.728
2.516	-5.351	-30.114
3.375	-6.779	-27.469
4.085	-5.51	-27.027
3.102	-4.352	-27.061
4.654	-5.685	-25.627
1.352	-7.293	-29.97
0.159	-6.883	-30.682
-0.625	-6.079	-29.66
-0.485	-6.297	-28.457
-0.64	-8.12	-31.044
-0.846	-9.034	-29.844
0.147	-9.656	-29.401
-1.982	-9.119	-29.329
-1.469	-5.16	-30.105
-2.205	-4.406	-29.113
-3.654	-4.836	-28.969
-4.604	-4.168	-29.399
-2.04	-2.908	-29.363
-0.55	-2.594	-29.368
-0.349	-1.09	-29.229
0.176	-3.311	-28.227
-3.754	-6.018	-28.379
-4.95	-6.73	-28.032
-4.534	-7.151	-26.631
-5.326	-7.225	-25.676
-5.164	-7.976	-28.891
-5.625	-9.055	-28.081
-3.234	-7.42	-26.543
-2.592	-7.745	-25.29
-2.431	-6.327	-24.733
-1.324	-5.874	-24.465
-1.192	-8.393	-25.518
-0.424	-8.555	-24.231
-1.354	-9.688	-26.113
-3.554	-5.623	-24.606
-3.566	-4.248	-24.081
-4.903	-3.781	-23.482
-4.963	-3.56	-22.281
-3.116	-3.235	-25.166
-1.84	-2.518	-24.897
-1.518	-1.545	-26.013
-1.995	-1.789	-23.579
-5.971	-3.651	-24.274
-7.247	-3.177	-23.721
-7.81	-4.05	-22.593
-8.364	-3.531	-21.617
-8.307	-3.033	-24.812
-9.606	-2.405	-24.313
-10.663	-2.35	-25.421
-11.994	-1.793	-24.919
-13.135	-2.242	-25.671
-7.705	-5.363	-22.728
-8.188	-6.263	-21.685
-7.211	-6.177	-20.505
-7.622	-6.061	-19.346
-8.235	-7.706	-22.176
-9.145	-7.961	-23.367
-9.211	-9.439	-23.725
-9.819	-9.781	-24.766
-8.658	-10.254	-22.955
-5.92	-6.229	-20.816
-4.856	-6.161	-19.827
-4.885	-4.848	-19.048
-4.715	-4.84	-17.827
-3.499	-6.344	-20.517
-3.184	-7.777	-20.854
-4.198	-8.679	-21.156
-1.874	-8.235	-20.873
-3.904	-10.003	-21.477
-1.587	-9.501	-21.185
-2.609	-10.421	-21.5
-5.088	-3.74	-19.752
-5.157	-2.44	-19.116
-6.285	-2.471	-18.09
-6.157	-1.918	-16.997
-5.406	-1.362	-20.164
-4.268	-0.364	-20.432
-2.919	-0.978	-20.126
-4.322	0.061	-21.894
-7.383	-3.134	-18.441
-8.525	-3.236	-17.539
-8.107	-3.933	-16.246
-8.647	-3.649	-15.173
-9.671	-4.031	-18.175
-11.019	-3.804	-17.497
-11.949	-5.002	-17.57
-12.109	-5.576	-18.668
-12.535	-5.362	-16.522
-7.146	-4.847	-16.362
-6.665	-5.597	-15.214
-5.952	-4.67	-14.23
-6.266	-4.659	-13.037
-5.687	-6.711	-15.65
-4.934	-7.187	-14.474
-6.464	-7.868	-16.288
-4.993	-3.898	-14.741
-4.245	-2.959	-13.919
-5.182	-1.983	-13.223
-4.947	-1.601	-12.081
-3.233	-2.157	-14.761
-2.077	-3.067	-15.192
-2.714	-0.966	-13.968
-0.911	-2.319	-15.816
-6.242	-1.59	-13.918
-7.217	-0.661	-13.373
-8.095	-1.303	-12.314
-8.386	-0.684	-11.29
-8.117	-0.087	-14.493
-7.328	0.946	-15.298
-9.38	0.522	-13.897
-7.999	1.362	-16.596
-8.531	-2.534	-12.553
-9.369	-3.211	-11.574
-8.498	-3.437	-10.332
-8.935	-3.188	-9.205
-9.859	-4.557	-12.107
-10.915	-5.184	-11.212
-10.728	-6.343	-10.776
-11.94	-4.522	-10.944
-7.268	-3.9	-10.559
-6.343	-4.159	-9.465
-6.008	-2.887	-8.706
-6.019	-2.885	-7.475
-5.062	-4.802	-10
-5.232	-6.258	-10.377
-5.857	-7.072	-9.26
-5.02	-7.608	-8.385
-7.079	-7.199	-9.178
-5.704	-1.819	-9.449
-5.423	-0.553	-8.842
-6.559	-0.024	-7.981
-6.349	0.57	-6.913
-4.976	0.498	-9.866
-3.637	0.283	-10.28
-7.774	-0.253	-8.445
-8.961	0.183	-7.718
-9.068	-0.649	-6.446
-9.626	-0.212	-5.446
-10.237	-0.03	-8.539
-10.329	0.898	-9.732
-9.286	1.696	-9.952
-11.336	0.892	-10.461
-8.535	-1.863	-6.502
-8.573	-2.734	-5.342
-7.514	-2.289	-4.334
-7.766	-2.279	-3.13
-8.338	-4.192	-5.743
-8.235	-5.123	-4.573
-7.374	-6.136	-4.307
-9.093	-5.05	-3.493
-8.76	-5.979	-2.613
-7.724	-6.649	-3.08
-6.342	-1.929	-4.834
-5.272	-1.473	-3.969
-5.713	-0.15	-3.342
-5.467	0.098	-2.148
-3.982	-1.294	-4.767
-2.653	-1.286	-3.991
-1.514	-1.662	-4.923
-2.406	0.085	-3.365
-6.382	0.683	-4.143
-6.868	1.974	-3.655
-7.859	1.803	-2.509
-7.81	2.569	-1.52
-7.528	2.767	-4.786
-8.439	3.895	-4.281
-9.085	4.684	-5.418
-8.371	5.474	-6.076
-10.302	4.503	-5.65
-8.771	0.842	-2.622
-9.727	0.622	-1.547
-8.986	0.188	-0.285
-9.315	0.616	0.809
-10.752	-0.439	-1.92
-11.772	0.075	-2.933
-12.148	-0.78	-3.887
-12.22	1.224	-2.846
-7.983	-0.67	-0.458
-7.205	-1.15	0.683
-6.43	0	1.333
-6.466	0.157	2.547
-6.252	-2.255	0.234
-6.931	-3.564	-0.157
-5.906	-4.505	-0.788
-7.562	-4.211	1.062
-5.743	0.814	0.538
-4.985	1.917	1.097
-5.948	2.832	1.85
-5.552	3.462	2.846
-4.227	2.673	-0.009
-3.363	3.901	0.338
-2.331	3.55	1.411
-2.646	4.389	-0.927
-7.2	2.896	1.4
-8.196	3.745	2.054
-8.602	3.184	3.407
-8.913	3.956	4.335
-9.45	3.916	1.181
-9.193	4.778	-0.051
-10.112	4.73	-1.004
-8.201	5.489	-0.134
-8.633	1.859	3.525
-8.992	1.234	4.778
-7.852	1.526	5.777
-8.089	1.883	6.918
-9.15	-0.273	4.614
-10.469	-0.705	4.012
-10.439	-2.149	3.538
-9.857	-3.011	4.253
-10.995	-2.425	2.452
-6.616	1.378	5.309
-5.452	1.641	6.15
-5.44	3.11	6.547
-5.255	3.463	7.726
-4.155	1.292	5.395
-2.855	1.658	6.131
-2.767	0.916	7.447
-1.656	1.291	5.241
-5.654	3.989	5.572
-5.66	5.414	5.882
-6.816	5.764	6.842
-6.61	6.575	7.747
-5.776	6.245	4.611
-5.714	7.767	4.772
-4.364	8.183	5.324
-5.929	8.421	3.394
-7.996	5.151	6.646
-9.149	5.396	7.55
-8.759	4.947	8.966
-9.076	5.593	9.975
-10.374	4.578	7.111
-11.195	5.253	6.017
-10.947	6.417	5.69
-12.114	4.581	5.497
-8.107	3.802	9.033
-7.658	3.229	10.308
-6.715	4.199	11.026
-6.888	4.483	12.221
-6.952	1.908	10.019
-6.224	1.328	11.192
-6.896	0.559	12.126
-4.863	1.567	11.36
-6.2	0.023	13.22
-4.171	1.038	12.458
-4.846	0.27	13.379
-5.748	4.725	10.276
-4.752	5.657	10.791
-5.403	6.958	11.244
-5.092	7.472	12.344
-3.701	5.952	9.686
-2.876	7.052	10.017
-6.314	7.477	10.415
-7.004	8.709	10.731
-7.891	8.568	11.946
-8	9.518	12.747
-7.837	9.16	9.51
-6.979	9.867	8.464
-7.693	10.041	7.135
-6.961	11.004	6.295
-7.275	11.298	5.032
-8.302	10.706	4.446
-6.575	12.203	4.368
-8.513	7.405	12.107
-9.375	7.165	13.258
-8.486	7.142	14.523
-8.865	7.684	15.568
-10.119	5.828	13.086
-11.221	5.466	14.097
-12.338	6.523	14.099
-11.807	4.102	13.742
-7.297	6.542	14.391
-6.321	6.458	15.501
-5.93	7.847	16
-5.81	8.083	17.21
-5.007	5.806	15.041
-4.956	4.322	14.924
-3.496	3.839	14.852
-2.737	4.3	13.955
-3.11	3.008	15.701
-5.665	8.74	15.049
-5.223	10.095	15.333
-6.348	11.124	15.455
-6.074	12.299	15.686
-4.258	10.55	14.236
-2.966	9.774	14.194
-2.122	10.164	12.949
-2.738	9.64	11.726
-2.964	10.375	10.645
-2.64	11.669	10.627
-3.502	9.814	9.562
-7.584	10.686	15.276
-8.714	11.598	15.325
-8.475	12.727	14.344
-8.738	13.901	14.639
-8.881	12.135	16.759
-9.623	11.117	17.624
-9.24	11.195	19.095
-9.905	10.043	19.848
-9.508	9.958	21.278
-7.982	12.369	13.155
-7.698	13.373	12.16
-8.309	13.029	10.812
-8.038	13.723	9.831
-6.172	13.563	11.993
-5.58	12.356	11.526
4.326	-15.49	11.387
4.54	-14.472	10.358
5.957	-14.631	9.818
6.89	-14.822	10.595
4.378	-13.083	10.961
4.589	-11.878	10.049
3.543	-11.855	8.931
4.486	-10.592	10.901
6.106	-14.557	8.497
7.416	-14.703	7.876
7.776	-13.431	7.102
6.919	-12.599	6.819
7.418	-15.861	6.868
6.941	-17.202	7.385
7.001	-18.265	6.309
5.839	-18.773	5.918
8.084	-18.621	5.824
9.05	-13.287	6.79
9.473	-12.133	5.99
10.292	-12.705	4.831
10.906	-13.768	4.959
10.347	-11.104	6.775
11.574	-11.802	7.377
9.517	-10.423	7.84
12.607	-10.813	7.955
10.266	-12.002	3.701
11.014	-12.425	2.519
11.934	-11.268	2.16
11.513	-10.29	1.527
10.053	-12.718	1.361
9.147	-13.913	1.649
9.743	-15.103	1.705
7.928	-13.769	1.83
13.188	-11.378	2.572
14.169	-10.325	2.353
14.81	-10.263	0.967
14.928	-11.253	0.267
15.261	-10.434	3.421
14.706	-10.301	4.844
15.744	-10.62	5.913
16.36	-11.929	5.695
16.947	-12.648	6.647
17.487	-13.826	6.351
16.979	-12.198	7.899
-4.326	15.49	11.387
-4.54	14.472	10.358
-5.957	14.631	9.818
-6.89	14.822	10.595
-4.378	13.083	10.961
-4.589	11.878	10.049
-3.543	11.855	8.931
-4.486	10.592	10.901
-6.106	14.557	8.497
-7.416	14.703	7.876
-7.776	13.431	7.102
-6.919	12.599	6.819
-7.418	15.861	6.868
-6.941	17.202	7.385
-7.001	18.265	6.309
-5.839	18.773	5.918
-8.084	18.621	5.824
-9.05	13.287	6.79
-9.473	12.133	5.99
-10.292	12.705	4.831
-10.906	13.768	4.959
-10.347	11.104	6.775
-11.574	11.802	7.377
-9.517	10.423	7.84
-12.607	10.813	7.955
-10.266	12.002	3.701
-11.014	12.425	2.519
-11.934	11.268	2.16
-11.513	10.29	1.527
-10.053	12.718	1.361
-9.147	13.913	1.649
-9.743	15.103	1.705
-7.928	13.769	1.83
-13.188	11.378	2.572
-14.169	10.325	2.353
-14.81	10.263	0.967
-14.928	11.253	0.267
-15.261	10.434	3.421
-14.706	10.301	4.844
-15.744	10.62	5.913
-16.36	11.929	5.695
-16.947	12.648	6.647
-17.487	13.826	6.351
-16.979	12.198	7.899
13.763	-6.308	5.318
14.392	-7.012	4.207
15.902	-6.919	4.407
16.366	-6.176	5.273
13.996	-6.384	2.866
14.228	-4.882	2.748
13.757	-4.323	1.408
14.414	-4.588	0.381
12.726	-3.618	1.379
16.661	-7.69	3.619
18.111	-7.651	3.741
18.599	-6.316	3.194
18.369	-5.979	2.036
18.752	-8.805	2.965
18.643	-10.141	3.668
20.023	-10.68	4.062
20.803	-11.206	2.858
21.225	-10.13	1.92
19.269	-5.555	4.047
19.769	-4.255	3.647
21.224	-4.079	4.043
21.663	-4.54	5.107
18.945	-3.122	4.327
19.541	-1.767	3.987
17.479	-3.209	3.884
21.985	-3.42	3.182
23.374	-3.134	3.479
23.35	-1.79	4.189
23.113	-0.765	3.567
24.19	-2.99	2.184
25.524	-2.311	2.421
26.01	-1.614	1.511
26.087	-2.451	3.529
23.619	-1.786	5.489
23.6	-0.523	6.228
24.638	0.5	5.754
24.442	1.699	5.923
23.759	-0.796	7.722
22.441	-1.149	8.426
22.698	-1.744	9.788
21.592	0.127	8.53
25.735	0.04	5.138
26.743	0.987	4.657
26.183	1.904	3.585
26.337	3.123	3.649
27.957	0.24	4.088
28.872	-0.63	5.377
25.523	1.306	2.604
24.91	2.057	1.513
23.791	2.956	2.065
23.647	4.121	1.673
24.323	1.081	0.496
23.375	1.747	-0.479
23.854	2.448	-1.399
22.148	1.571	-0.322
23.014	2.414	3.001
21.913	3.18	3.588
22.464	4.446	4.231
21.932	5.53	4.048
21.163	2.324	4.621
19.781	2.858	5.009
18.933	1.722	5.555
19.927	3.992	6.031
23.56	4.306	4.971
24.16	5.455	5.642
24.758	6.459	4.657
24.571	7.659	4.808
25.26	5.018	6.618
25.968	6.235	7.19
24.648	4.175	7.748
25.492	5.962	3.651
26.098	6.875	2.696
25.03	7.673	1.979
25.2	8.875	1.756
26.984	6.097	1.696
28.065	5.274	2.402
29.138	4.749	1.444
28.793	4.364	0.295
30.318	4.724	1.855
23.932	7.013	1.63
22.828	7.677	0.952
22.248	8.771	1.855
22.035	9.896	1.422
21.734	6.665	0.604
20.661	7.284	-0.093
22.001	8.426	3.11
21.468	9.402	4.065
22.405	10.579	4.182
21.982	11.725	4.074
21.264	8.738	5.428
23.692	10.307	4.4
24.674	11.378	4.512
24.58	12.261	3.262
24.636	13.49	3.355
26.117	10.832	4.625
27.13	12.008	4.532
26.296	10.088	5.944
24.435	11.627	2.105
24.321	12.383	0.857
23.155	13.365	0.889
23.309	14.55	0.574
24.134	11.443	-0.335
25.428	10.775	-0.76
25.311	9.708	-1.551
26.527	11.223	-0.396
21.987	12.871	1.282
20.779	13.694	1.329
20.841	14.875	2.313
20.126	15.858	2.147
19.57	12.807	1.654
21.681	14.778	3.331
21.793	15.84	4.323
22.954	16.802	4.062
23.091	17.816	4.74
21.955	15.237	5.747
21.799	16.332	6.805
23.324	14.593	5.893
20.449	17	6.789
23.777	16.48	3.068
24.937	17.306	2.733
24.687	18.788	2.477
25.452	19.62	2.952
25.685	16.697	1.541
26.851	15.832	1.974
27.346	14.917	0.862
28.511	14.07	1.368
28.873	12.984	0.414
23.624	19.125	1.754
23.346	20.534	1.472
23.04	21.3	2.754
23.646	22.335	3.032
22.152	20.676	0.509
22.378	21.712	-0.594
21.089	22.375	-1.078
20.089	21.66	-1.323
21.084	23.618	-1.222
22.098	20.782	3.54
21.726	21.42	4.79
22.931	21.542	5.727
23.128	22.57	6.38
20.595	20.623	5.459
20.132	21.194	6.776
19.619	22.486	6.85
20.173	20.425	7.932
19.159	23.004	8.061
19.717	20.921	9.153
19.205	22.216	9.222
23.742	20.49	5.795
24.922	20.5	6.66
25.871	21.629	6.256
26.308	22.409	7.09
25.643	19.153	6.586
26.178	21.701	4.973
27.064	22.747	4.456
26.509	24.115	4.836
27.253	24.991	5.262
27.172	22.655	2.928
27.572	21.354	2.522
25.197	24.273	4.691
24.503	25.511	5.019
24.846	26.031	6.41
24.75	27.234	6.67
22.984	25.311	4.93
22.595	24.923	3.621
25.22	25.127	7.312
25.568	25.536	8.664
27.034	25.272	8.968
27.454	25.298	10.129
24.686	24.824	9.693
23.265	25.286	9.691
22.55	25.961	10.625
22.415	25.072	8.631
21.231	25.596	8.909
21.289	26.142	10.111
27.811	25.02	7.917
29.229	24.774	8.061
29.503	23.546	8.946
30.398	23.563	9.795
29.882	26.014	8.676
31.365	26.082	8.417
31.815	25.406	7.362
32.102	26.749	9.145
28.714	22.501	8.747
28.872	21.268	9.515
29.301	20.159	8.591
28.693	19.949	7.554
27.535	20.854	10.207
27.671	19.485	10.874
27.143	21.921	11.256
30.359	19.449	8.949
30.792	18.347	8.096
30.215	17.033	8.592
30.157	16.798	9.798
32.316	18.287	8.043
32.888	19.476	7.296
33.235	19.268	6.031
32.982	20.582	7.852
29.78	16.21	7.648
29.169	14.93	7.973
30.101	13.801	7.563
30.572	13.755	6.429
27.824	14.782	7.256
27.151	13.48	7.664
26.929	15.973	7.588
30.359	12.901	8.507
31.269	11.786	8.279
30.586	10.417	8.504
29.527	10.335	9.094
32.487	11.85	9.129
33.378	13.073	9.127
32.77	14.184	9.983
34.727	12.67	9.715
31.222	9.372	7.964
30.735	8.02	8.111
31.941	7.111	8.291
32.903	7.186	7.528
29.931	7.595	6.878
29.698	6.102	6.78
29.392	5.348	7.903
29.784	5.466	5.548
29.16	3.986	7.811
29.551	4.091	5.441
29.24	3.357	6.562
31.872	6.274	9.318
32.914	5.319	9.655
32.252	3.989	9.997
31.191	3.974	10.633
33.662	5.773	10.894
34.916	6.565	10.661
35.467	7.097	11.975
35.241	6.434	13.015
36.123	8.165	11.966
32.873	2.883	9.571
32.355	1.566	9.885
33.514	0.764	10.474
34.58	0.67	9.866
31.816	0.888	8.638
31.349	-0.427	8.951
33.312	0.195	11.661
34.347	-0.581	12.318
34.309	-2.022	11.862
35.01	-2.858	12.403
34.177	-0.509	13.837
34.44	0.862	14.371
33.748	1.232	15.455
35.273	1.592	13.824
33.494	-2.277	10.846
33.329	-3.612	10.291
33.326	-3.462	8.773
32.795	-2.489	8.238
31.976	-4.229	10.775
31.685	-5.519	10.045
32.045	-4.471	12.275
33.914	-4.426	8.052
33.946	-4.35	6.586
32.543	-4.3	5.966
31.638	-5.017	6.391
34.679	-5.631	6.192
35.593	-5.857	7.342
34.695	-5.579	8.536
32.356	-3.432	4.979
31.084	-3.315	4.298
31.004	-4.421	3.248
32.022	-4.902	2.779
30.96	-1.952	3.611
30.82	-0.506	4.717
29.786	-4.837	2.876
28.511	-4.333	3.392
28.185	-4.897	4.769
28.654	-5.976	5.137
27.516	-4.795	2.338
28.092	-6.124	1.921
29.565	-5.808	1.79
27.395	-4.149	5.539
26.98	-4.6	6.857
25.501	-4.888	6.691
24.658	-3.988	6.756
27.203	-3.509	7.925
26.739	-4.01	9.285
28.676	-3.133	7.98
25.193	-6.152	6.423
23.829	-6.598	6.186
22.983	-6.75	7.439
23.402	-7.339	8.433
23.85	-7.919	5.423
24.441	-7.803	4.028
24.713	-9.159	3.395
25.693	-9.825	3.801
23.94	-9.56	2.501
21.78	-6.188	7.371
20.833	-6.264	8.47
19.423	-6.412	7.904
19.107	-5.887	6.844
20.926	-5.02	9.337
18.599	-7.166	8.618
17.224	-7.391	8.228
16.45	-6.216	8.82
16.039	-6.257	9.992
16.747	-8.706	8.835
15.409	-9.17	8.334
15.192	-9.39	6.975
14.363	-9.426	9.225
13.964	-9.865	6.508
13.132	-9.902	8.771
12.943	-10.12	7.41
11.735	-10.586	6.961
16.271	-5.166	8.027
15.593	-3.969	8.506
14.691	-3.319	7.461
14.688	-3.715	6.297
16.625	-2.921	8.963
17.558	-2.581	7.791
17.417	-3.454	10.15
18.636	-1.555	8.131
13.919	-2.314	7.893
13.042	-1.58	6.984
13.896	-0.409	6.486
14.13	0.569	7.21
11.812	-1.066	7.726
10.814	-0.395	6.813
11.225	0.465	6.012
9.604	-0.719	6.924
14.318	-0.445	5.227
15.216	0.577	4.67
14.686	2.007	4.693
15.377	2.934	5.062
15.389	0.132	3.222
14.208	-0.613	2.929
13.823	-1.339	4.175
13.44	2.156	4.298
12.778	3.439	4.287
12.666	4.039	5.684
12.936	5.205	5.884
11.397	3.277	3.691
10.808	4.61	3.395
11.502	2.647	2.415
12.247	3.217	6.632
12.154	3.625	8.017
13.496	3.947	8.674
13.653	4.996	9.257
11.309	2.663	8.842
9.829	2.629	8.47
9.124	3.975	8.455
7.724	3.85	8.095
6.841	4.826	8.156
7.191	6.024	8.567
5.59	4.598	7.814
14.475	3.069	8.561
15.769	3.376	9.134
16.473	4.591	8.486
17.222	5.291	9.132
16.664	2.123	9.267
16.188	1.175	10.411
18.125	2.518	9.404
16.584	1.501	11.824
16.173	4.857	7.224
16.617	6.088	6.572
16.009	7.335	7.2
16.698	8.288	7.487
16.283	6.05	5.098
16.632	7.303	4.347
16.452	7.176	2.854
16.253	8.45	2.188
17.221	9.144	1.618
18.461	8.697	1.645
16.956	10.291	1.025
14.702	7.292	7.386
13.988	8.217	8.242
14.555	8.371	9.665
14.752	9.483	10.089
12.502	7.887	8.233
11.634	8.708	9.148
10.156	8.438	8.947
9.354	9.469	9.054
9.761	7.319	8.697
14.842	7.269	10.364
15.55	7.306	11.659
16.791	8.134	11.539
16.962	9.118	12.234
16.012	5.894	12.168
17.157	5.971	13.335
14.87	5.113	12.619
17.664	7.69	10.655
18.967	8.274	10.504
18.945	9.748	10.153
19.765	10.502	10.623
19.773	7.498	9.483
21.236	7.877	9.384
21.883	7.811	10.728
21.922	7	8.407
18.009	10.142	9.308
17.933	11.514	8.856
17.55	12.491	9.963
18.087	13.581	10.039
17.013	11.639	7.66
17.605	11.179	6.336
16.555	11.016	5.289
18.705	12.096	5.873
16.636	12.072	10.828
16.298	12.837	12.017
17.535	13.028	12.869
17.854	14.124	13.284
15.187	12.135	12.807
14.832	12.842	14.094
14.696	14.145	14.033
14.685	12.222	15.126
18.249	11.94	13.086
19.471	11.975	13.852
20.475	12.917	13.216
21.059	13.742	13.882
20.074	10.595	13.958
19.893	9.822	15.251
18.712	10.231	16.058
19.905	8.371	14.996
20.664	12.779	11.922
21.661	13.629	11.223
21.227	15.099	11.276
22.033	15.971	11.616
21.817	13.187	9.762
22.524	11.833	9.576
22.557	11.469	8.093
23.944	11.92	10.116
19.976	15.36	10.927
19.435	16.73	10.959
19.63	17.359	12.335
20.035	18.53	12.461
17.947	16.694	10.588
17.262	18.015	10.794
17.338	18.881	9.786
16.662	18.265	11.851
19.368	16.592	13.392
19.551	17.111	14.738
21.022	17.469	14.998
21.317	18.466	15.642
19.062	16.08	15.782
17.546	16.079	15.917
16.897	17.159	15.469
16.961	15.112	16.407
21.937	16.632	14.516
23.349	16.886	14.714
23.736	18.244	14.083
24.593	18.943	14.605
23.111	18.583	12.962
23.399	19.863	12.297
22.718	21.009	13.065
23.364	21.985	13.435
22.861	19.876	10.847
23.053	21.284	10.242
23.577	18.848	10.005
21.422	20.859	13.312
20.63	21.865	14.017
21.153	22.274	15.378
21.074	23.448	15.739
19.18	21.394	14.177
18.301	21.657	12.975
16.913	21.056	13.168
16.22	21.576	14.419
14.844	21.011	14.548
21.667	21.319	16.15
22.15	21.642	17.487
23.673	21.681	17.609
24.248	21.388	18.658
21.548	20.668	18.509
20.047	20.737	18.485
19.293	19.765	17.822
19.374	21.842	19.027
17.91	19.888	17.693
17.995	21.981	18.9
17.27	21.01	18.234
15.924	21.166	18.063
24.32	22.023	16.503
25.78	22.131	16.492
26.176	23.31	17.369
25.346	24.189	17.647
26.257	22.357	15.057
25.603	23.48	14.5
27.426	23.325	17.815
27.92	24.378	18.684
28.544	25.502	17.862
29.555	25.313	17.194
28.934	23.798	19.666
29.524	24.791	20.67
29.861	24.082	21.971
30.699	24.947	22.914
30.082	26.276	23.206
27.904	26.666	17.91
28.362	27.847	17.18
29.862	28.119	17.331
30.563	28.358	16.348
27.556	29.074	17.641
28.29	30.402	17.501
28.739	30.634	16.07
30.028	31.443	16.038
30.625	31.429	14.674
30.351	28.063	18.558
31.75	28.34	18.855
32.764	27.232	18.547
33.911	27.3	19
31.897	28.77	20.322
31.345	30.125	20.603
30.585	30.646	19.761
31.676	30.683	21.678
32.36	26.223	17.778
33.282	25.16	17.417
33.75	25.411	15.979
32.949	25.691	15.101
32.595	23.801	17.53
35.066	25.325	15.73
35.599	25.553	14.386
35.419	24.321	13.5
35.422	24.415	12.272
37.079	25.834	14.633
37.189	26.055	16.135
36.158	25.158	16.697
35.266	23.168	14.147
35.133	21.902	13.451
33.788	21.199	13.708
33.778	20.046	14.12
36.26	20.981	13.903
36.186	20.669	15.398
35.607	21.491	16.14
36.718	19.615	15.826
32.688	21.9	13.466
31.34	21.331	13.667
31.184	20.1	12.808
31.442	20.141	11.595
30.256	22.335	13.287
30.292	23.649	14.067
29.199	24.576	13.544
29.211	25.895	14.279
30.524	26.59	14.157
30.75	18.993	13.415
30.581	17.792	12.605
29.536	16.867	13.21
29.115	17.059	14.358
31.906	17.029	12.495
32.266	16.272	13.761
31.691	15.018	14.028
33.128	16.821	14.716
31.975	14.346	15.224
33.427	16.158	15.888
32.845	14.919	16.144
33.132	14.263	17.32
29.111	15.91	12.388
28.188	14.881	12.833
28.735	13.644	12.159
28.87	13.618	10.927
26.75	15.113	12.343
25.829	14.009	12.925
26.276	16.493	12.821
29.033	12.621	12.95
29.589	11.396	12.388
28.783	10.146	12.703
28.397	9.924	13.854
31.012	11.229	12.874
31.536	9.784	12.823
33.035	9.704	13.087
33.419	10.112	14.482
34.882	9.848	14.693
28.523	9.343	11.679
27.789	8.104	11.862
28.836	7	11.983
29.692	6.856	11.091
26.887	7.795	10.655
26.124	6.484	10.899
25.883	8.936	10.425
28.784	6.245	13.078
29.724	5.16	13.294
28.922	3.865	13.25
27.987	3.686	14.04
30.413	5.283	14.671
31.138	6.633	14.764
31.431	4.147	14.864
31.437	7.08	16.186
29.325	2.944	12.37
28.648	1.654	12.229
29.505	0.538	12.883
30.754	0.575	12.838
28.429	1.376	10.761
27.661	0.122	10.335
26.307	0.044	11.065
27.448	0.18	8.823
28.846	-0.405	13.553
29.562	-1.461	14.244
28.598	-2.577	14.631
27.379	-2.438	14.476
30.209	-0.886	15.508
31.556	-1.515	15.819
32.217	-1.013	16.74
31.951	-2.487	15.142
29.153	-3.688	15.106
28.327	-4.822	15.532
28.59	-5.04	17.019
29.714	-4.827	17.498
28.672	-6.064	14.716
28.56	-5.826	13.218
28.785	-7.076	12.378
29.736	-7.83	12.657
28.017	-7.3	11.423
27.556	-5.424	17.765
27.725	-5.627	19.196
26.611	-6.467	19.784
25.463	-6.377	19.351
27.753	-4.28	19.935
27.967	-4.412	21.432
27.778	-3.08	22.15
28.206	-3.163	23.615
27.416	-4.132	24.441
26.967	-7.286	20.766
25.992	-8.125	21.446
25.1	-8.897	20.476
23.922	-9.091	20.744
25.129	-7.247	22.352
25.89	-6.741	23.57
27.13	-6.568	23.467
25.241	-6.509	24.624
25.666	-9.317	19.352
24.893	-10.071	18.376
24.04	-9.214	17.453
23.316	-9.739	16.6
24.118	-7.896	17.62
23.331	-7.017	16.767
24.192	-5.92	16.176
25.425	-6.023	16.15
23.547	-4.882	15.667
24.269	-3.761	15.067
24.115	-2.528	15.956
23.011	-2.248	16.46
23.698	-3.382	13.71
24.422	-2.148	13.167
23.848	-4.562	12.747
25.217	-1.818	16.152
25.203	-0.61	16.942
25.535	0.523	15.986
26.585	0.493	15.331
26.257	-0.673	18.033
26.263	0.498	19.011
24.989	0.464	19.873
27.498	0.43	19.905
24.64	1.512	15.921
24.844	2.692	15.085
24.964	3.854	16.062
24.154	3.988	16.987
23.623	2.976	14.198
23.479	1.895	13.132
23.739	4.356	13.563
22.157	1.969	12.383
25.983	4.684	15.885
26.137	5.823	16.765
26.147	7.07	15.859
26.771	7.072	14.804
27.453	5.779	17.556
27.414	4.615	18.551
27.67	7.094	18.313
28.77	4.288	19.159
25.404	8.093	16.273
25.409	9.344	15.503
25.986	10.304	16.509
25.325	10.656	17.502
24.006	9.792	15.084
24.084	11.128	14.378
23.406	8.74	14.128
27.241	10.69	16.274
27.959	11.562	17.195
28.134	12.989	16.674
28.411	13.175	15.502
29.341	10.955	17.449
30.304	11.835	18.226
31.713	11.233	18.27
31.863	10.116	18.802
32.664	11.872	17.754
27.976	13.957	17.561
28.166	15.361	17.191
28.95	16.036	18.307
29.036	15.503	19.42
26.827	16.078	16.962
25.988	16.25	18.253
24.854	15.749	18.264
26.455	16.884	19.223
29.559	17.173	17.998
30.294	17.924	19.004
29.49	19.198	19.162
30.024	20.312	19.132
31.748	18.198	18.542
31.829	19.017	17.268
33.022	19.606	17.034
30.883	19.093	16.481
28.179	18.993	19.307
27.225	20.082	19.448
27.049	20.636	20.855
27.931	20.518	21.7
25.89	21.254	21.105
25.634	21.887	22.392
25.425	20.934	23.567
25.508	21.349	24.73
24.42	22.821	22.32
23.137	22.006	22.047
24.626	23.848	21.209
21.849	22.837	22.125
25.155	19.664	23.27
24.956	18.722	24.379
23.54	18.804	24.958
22.751	19.654	24.564
23.236	17.911	25.906
21.902	17.833	26.502
21.999	17.68	28.024
22.784	16.873	28.525
21.155	16.608	25.908
21.189	16.687	24.372
19.707	16.564	26.426
20.838	15.361	23.671
21.217	18.464	28.778
21.268	18.358	30.246
20.69	17.042	30.772
19.797	16.452	30.156
20.458	19.575	30.706
19.471	19.775	29.569
20.325	19.552	28.351
21.208	16.586	31.908
20.773	15.319	32.524
19.278	15.112	32.659
18.776	14.027	32.38
21.402	15.158	33.908
22.692	14.349	33.876
23.692	14.855	34.402
22.707	13.209	33.342
18.567	16.144	33.092
17.129	16.051	33.281
16.364	15.782	31.997
15.214	15.363	32.038
16.573	17.343	33.903
16.478	18.496	32.94
15.525	18.83	32.034
17.44	19.481	32.855
17.089	20.37	31.941
15.931	20	31.427
17.004	16.009	30.854
16.314	15.835	29.578
16.674	14.632	28.714
16.05	14.434	27.67
16.493	17.073	28.747
17.626	13.818	29.15
18.065	12.681	28.323
17.041	11.614	27.926
17.239	10.9	26.939
19.317	12.061	28.94
20.464	13.07	28.916
21.729	12.583	29.615
22.766	13.708	29.642
23.905	13.436	30.593
15.942	11.49	28.67
14.883	10.551	28.285
13.748	11.366	27.669
13.13	10.973	26.687
14.345	9.789	29.504
15.077	8.478	29.753
16.167	8.268	29.187
14.558	7.648	30.53
13.51	12.53	28.242
12.441	13.399	27.801
12.527	13.905	26.36
11.485	14.18	25.749
12.318	14.597	28.752
12.073	14.176	30.204
11.258	15.231	30.919
9.936	15.371	30.299
9.044	16.294	30.636
9.319	17.175	31.594
7.871	16.339	30.011
13.737	14.022	25.802
13.842	14.488	24.408
13.177	13.547	23.431
12.882	13.928	22.295
15.325	14.68	23.94
16.101	13.371	24.12
15.966	15.816	24.707
17.514	13.428	23.506
12.94	12.303	23.845
12.289	11.351	22.955
10.744	11.438	22.967
10.05	10.758	22.195
12.728	9.936	23.3
14.165	9.678	23.014
14.593	9.428	21.706
15.121	9.7	24.037
15.955	9.206	21.43
16.469	9.482	23.776
16.886	9.236	22.462
10.215	12.264	23.861
8.768	12.427	23.936
8.29	13.364	22.846
8.925	14.38	22.57
8.365	13	25.296
8.572	12.03	26.452
8.368	12.705	27.795
7.603	13.688	27.856
8.984	12.263	28.773
7.15	13.03	22.245
6.573	13.859	21.2
6.484	15.312	21.663
5.986	15.585	22.768
5.177	13.357	20.859
4.98	12.947	19.414
3.543	12.546	19.125
3.004	13.042	18.011
2.926	11.796	19.898
6.976	16.229	20.828
6.944	17.668	21.115
7.956	18.26	22.075
8.145	19.478	22.083
5.533	18.077	21.59
4.458	17.786	20.584
4.516	18.335	19.303
3.365	16.987	20.923
3.498	18.092	18.374
2.349	16.74	20.001
2.413	17.296	18.727
8.607	17.441	22.894
9.572	17.964	23.847
10.752	18.675	23.196
11.288	18.217	22.174
10.121	16.842	24.728
10.97	17.342	25.865
10.393	17.641	27.109
12.338	17.549	25.705
11.166	18.13	28.165
13.124	18.05	26.752
12.531	18.337	27.977
13.292	18.824	29.016
11.173	19.781	23.804
12.311	20.562	23.322
13.012	21.117	24.562
12.358	21.571	25.505
11.848	21.715	22.421
11.067	21.264	21.201
10.708	22.42	20.256
11.571	22.485	19.073
12.816	22.956	19.082
13.523	22.977	17.96
13.351	23.415	20.206
14.34	21.044	24.587
15.071	21.557	25.741
14.96	23.078	25.74
14.885	23.704	26.799
16.556	21.142	25.691
17.351	21.906	26.735
16.676	19.64	25.916
14.936	23.655	24.54
14.845	25.095	24.397
16.163	25.74	24.714
17.142	25.093	25.109
13.748	25.662	25.283
16.201	27.012	24.562
17.358	27.813	24.612
16.931	28.439	23.339
16.019	29.275	23.34
18.699	27.09	24.46
17.525	28.026	22.251
17.126	28.47	20.987
17.966	27.835	19.934
19.137	28.101	19.685
17.203	29.971	20.892
17.247	26.98	19.367
17.478	26.335	18.131
16.191	26.924	17.566
15.151	26.878	18.21
17.439	24.801	18.168
16.261	27.504	16.376
15.152	28.23	15.786
13.856	27.917	16.382
13.64	27.811	17.577
15.123	27.972	14.275
12.98	27.745	15.457
11.655	27.375	15.75
10.772	27.468	14.523
10.204	28.509	14.211
11.087	28.246	16.852
10.672	26.373	13.797
9.869	26.295	12.561
9.418	24.852	12.354
9.85	24.109	11.476
10.65	26.791	11.363
8.512	24.531	13.286
7.732	23.29	13.613
7.408	22.408	12.419
7.319	21.184	12.459
6.452	23.677	14.351
7.253	23.202	11.375
6.904	22.904	10.024
6.511	21.505	9.683
5.585	20.882	10.203
8.052	23.331	9.115
7.321	21.077	8.745
7.228	19.8	8.101
6.223	18.95	8.769
5.97	17.832	8.312
8.571	19.086	8.089
5.613	19.404	9.847
4.8	18.351	10.352
5.699	17.139	10.516
5.281	16.037	10.151
3.617	18.048	9.436
6.935	17.299	11.058
7.766	16.142	11.287
7.431	15.612	12.684
6.77	16.308	13.448
7.858	14.403	13.053
7.553	13.846	14.374
8.791	13.693	15.277
8.685	13.354	16.456
6.825	12.513	14.204
5.454	12.661	13.529
4.878	11.305	13.181
4.518	13.423	14.456
9.952	13.945	14.683
11.251	13.926	15.349
11.697	12.66	16.093
11.492	11.538	15.64
12.329	12.851	17.246
12.845	11.724	18.012
11.804	10.716	18.447
12.14	9.548	18.657
13.645	12.202	19.247
15.022	12.798	18.959
15.637	13.301	20.254
15.932	11.715	18.325
10.547	11.145	18.54
9.471	10.236	18.965
9.255	9.148	17.931
9.129	7.968	18.278
8.162	11.018	19.199
9.214	9.504	16.646
9.031	8.432	15.656
10.345	7.686	15.46
10.354	6.519	15.087
8.53	8.949	14.282
8.142	7.746	13.413
9.598	9.777	13.596
7.221	8.079	12.251
11.457	8.368	15.697
12.767	7.74	15.573
12.832	6.596	16.594
13.213	5.48	16.269
13.885	8.77	15.843
15.259	8.107	15.87
13.855	9.761	14.812
12.405	6.888	17.827
12.425	5.872	18.862
11.465	4.728	18.514
11.798	3.544	18.681
12.035	6.505	20.197
11.859	5.497	21.364
11.452	6.264	22.652
10.979	5.325	23.79
12.064	4.749	24.575
10.283	5.062	18.011
9.307	4.034	17.692
9.841	3.117	16.588
9.674	1.902	16.655
7.961	4.672	17.245
6.833	3.678	16.97
6.415	2.86	18.19
6.774	3.25	19.345
5.725	1.829	18.002
10.502	3.701	15.589
11.038	2.878	14.507
12.087	1.892	15.03
12.067	0.709	14.697
11.624	3.776	13.371
10.481	4.513	12.662
12.343	2.912	12.367
10.955	5.584	11.686
12.99	2.368	15.867
14.008	1.504	16.451
13.363	0.397	17.323
13.696	-0.774	17.222
14.997	2.328	17.335
15.856	1.394	18.194
15.898	3.147	16.417
12.426	0.79	18.163
11.788	-0.206	19.041
10.98	-1.233	18.251
10.919	-2.4	18.616
10.95	0.521	20.113
11.894	1.22	21.097
11.211	1.921	22.256
11.949	2.404	23.133
9.963	2.014	22.28
10.408	-0.82	17.131
9.648	-1.765	16.303
10.58	-2.808	15.723
10.145	-3.924	15.413
8.904	-1.028	15.175
7.571	-0.424	15.607
7.08	0.563	14.578
6.571	-1.543	15.825
11.858	-2.466	15.559
12.829	-3.445	15.051
13.318	-4.335	16.193
14.132	-5.215	16.005
14.042	-2.745	14.418
13.792	-2.216	13.043
14.135	-2.699	11.817
13.115	-1.028	12.804
13.057	-0.809	11.5
13.666	-1.809	10.874
12.85	-4.052	17.398
13.278	-4.803	18.562
14.523	-4.209	19.203
15.183	-4.819	20.034
14.841	-2.966	18.824
16.04	-2.329	19.338
15.85	-1.347	20.484
14.771	-1.256	21.102
16.914	-0.602	20.749
16.921	0.4	21.817
17.639	1.664	21.348
18.586	1.586	20.595
17.685	-0.163	23.027
17.91	0.846	24.141
18.645	0.228	25.347
18.841	1.217	26.404
20.031	1.575	26.885
21.156	1.02	26.407
20.108	2.504	27.84
17.178	2.817	21.814
17.866	4.059	21.484
17.99	4.861	22.777
17.078	4.858	23.644
17.104	4.896	20.404
17.907	6.172	20.104
15.683	5.223	20.879
17.409	6.951	18.84
19.127	5.529	22.925
19.38	6.343	24.105
20.46	7.33	23.734
21.052	7.221	22.654
19.833	5.473	25.292
21.204	4.919	25.175
22.341	5.397	25.78
21.602	3.735	24.45
22.986	3.544	24.684
20.916	2.8	23.665
23.418	4.568	25.483
23.707	2.474	24.117
21.628	1.737	23.103
23.007	1.58	23.346
20.715	8.282	24.622
21.724	9.28	24.35
22.695	9.417	25.517
22.365	9.171	26.671
21.064	10.638	24.089
20.477	11.18	25.414
22.079	11.631	23.508
23.912	9.791	25.182
24.964	10.049	26.165
25.458	11.393	25.713
25.819	11.576	24.545
26.025	8.977	26.078
25.494	7.668	26.718
26.486	6.525	26.675
27.691	6.781	26.548
26.044	5.362	26.786
25.427	12.351	26.623
25.793	13.707	26.243
26.352	14.527	27.401
26.088	14.232	28.585
24.549	14.398	25.674
24.793	15.726	25.254
27.142	15.54	27.048
27.71	16.455	28.03
27.492	17.851	27.473
27.936	18.169	26.359
29.21	16.2	28.229
29.542	14.931	29.001
30.826	15.067	29.828
31.633	15.987	29.541
31.037	14.247	30.756
26.79	18.681	28.232
26.508	20.045	27.818
27.793	20.766	27.431
28.794	20.691	28.147
25.816	20.835	28.949
25.648	22.291	28.538
24.447	20.205	29.264
27.756	21.451	26.296
28.923	22.179	25.832
29.902	21.31	25.06
30.741	21.831	24.301
29.793	19.991	25.227
30.69	19.056	24.558
30.094	18.34	23.343
30.752	18.219	22.292
31.187	18.01	25.553
32.075	16.936	24.915
32.35	15.751	25.846
33.263	16.128	27.003
33.671	14.915	27.789
28.859	17.869	23.472
28.238	17.173	22.355
27.439	15.956	22.812
27.371	15.668	24.003
26.875	15.234	21.851
26.06	14.065	22.167
26.342	12.891	21.241
26.762	13.052	20.103
24.569	14.409	22.021
24.26	15.667	22.557
26.083	11.698	21.76
26.226	10.478	20.974
24.882	9.761	21.136
24.493	9.389	22.269
27.377	9.623	21.512
28.751	9.992	20.896
29.93	9.685	21.834
30.039	8.271	22.181
30.607	7.349	21.408
31.13	7.687	20.235
30.667	6.085	21.817
24.135	9.636	20.046
22.855	8.929	20.092
23.162	7.498	19.7
23.767	7.255	18.663
21.855	9.517	19.098
21.175	10.761	19.601
21.84	11.992	19.575
19.9	10.687	20.169
21.239	13.131	20.117
19.295	11.829	20.718
19.96	13.04	20.698
22.77	6.555	20.542
23.024	5.144	20.246
21.784	4.401	19.765
20.689	4.52	20.371
23.548	4.423	21.504
24.822	4.978	22.034
24.841	6.198	22.72
26.017	4.251	21.91
26.036	6.678	23.28
27.202	4.727	22.465
27.212	5.937	23.147
21.963	3.593	18.728
20.886	2.794	18.191
21.399	1.357	18.063
22.279	1.068	17.224
20.429	3.244	16.796
19.409	2.212	16.222
19.757	4.622	16.893
20.852	0.489	18.906
21.215	-0.926	18.867
20.006	-1.663	18.333
18.912	-1.515	18.863
21.516	-1.446	20.265
21.896	-2.904	20.303
23.184	-3.435	20.19
20.996	-4.038	20.295
21.783	-5.216	20.166
19.608	-4.169	20.375
23.099	-4.821	20.09
21.223	-6.494	20.121
19.041	-5.436	20.326
19.851	-6.586	20.204
20.2	-2.445	17.274
19.108	-3.21	16.747
19.549	-4.65	16.475
20.738	-4.911	16.249
18.597	-2.622	15.449
19.748	-2.53	14.433
17.892	-1.293	15.664
19.285	-2.247	12.965
18.606	-5.59	16.525
18.959	-6.995	16.252
19.448	-6.972	14.795
18.955	-6.204	13.983
17.62	-7.719	16.379
16.857	-6.858	17.365
17.183	-5.454	16.896
20.439	-7.784	14.478
20.992	-7.809	13.124
20.376	-8.936	12.321
19.946	-8.771	11.168
22.513	-7.998	13.228
23.264	-8.274	11.934
24.776	-8.236	12.215
25.558	-9.153	11.291
25.431	-8.781	9.864
20.312	-10.073	12.993
19.835	-11.361	12.505
18.331	-11.633	12.525
17.686	-11.52	13.567
20.542	-12.394	13.356
21.076	-11.773	14.644
22.297	-11.491	14.714
20.26	-11.52	15.564
17.79	-12.023	11.373
16.374	-12.357	11.235
16.031	-12.612	9.773
16.879	-12.303	8.911
15.505	-11.234	11.787
14.915	-13.108	9.508
-13.763	6.308	5.318
-14.392	7.012	4.207
-15.902	6.919	4.407
-16.366	6.176	5.273
-13.996	6.384	2.866
-14.228	4.882	2.748
-13.757	4.323	1.408
-14.414	4.588	0.381
-12.726	3.618	1.379
-16.661	7.69	3.619
-18.111	7.651	3.741
-18.599	6.316	3.194
-18.369	5.979	2.036
-18.752	8.805	2.965
-18.643	10.141	3.668
-20.023	10.68	4.062
-20.803	11.206	2.858
-21.225	10.13	1.92
-19.269	5.555	4.047
-19.769	4.255	3.647
-21.224	4.079	4.043
-21.663	4.54	5.107
-18.945	3.122	4.327
-19.541	1.767	3.987
-17.479	3.209	3.884
-21.985	3.42	3.182
-23.374	3.134	3.479
-23.35	1.79	4.189
-23.113	0.765	3.567
-24.19	2.99	2.184
-25.524	2.311	2.421
-26.01	1.614	1.511
-26.087	2.451	3.529
-23.619	1.786	5.489
-23.6	0.523	6.228
-24.638	-0.5	5.754
-24.442	-1.699	5.923
-23.759	0.796	7.722
-22.441	1.149	8.426
-22.698	1.744	9.788
-21.592	-0.127	8.53
-25.735	-0.04	5.138
-26.743	-0.987	4.657
-26.183	-1.904	3.585
-26.337	-3.123	3.649
-27.957	-0.24	4.088
-28.872	0.63	5.377
-25.523	-1.306	2.604
-24.91	-2.057	1.513
-23.791	-2.956	2.065
-23.647	-4.121	1.673
-24.323	-1.081	0.496
-23.375	-1.747	-0.479
-23.854	-2.448	-1.399
-22.148	-1.571	-0.322
-23.014	-2.414	3.001
-21.913	-3.18	3.588
-22.464	-4.446	4.231
-21.932	-5.53	4.048
-21.163	-2.324	4.621
-19.781	-2.858	5.009
-18.933	-1.722	5.555
-19.927	-3.992	6.031
-23.56	-4.306	4.971
-24.16	-5.455	5.642
-24.758	-6.459	4.657
-24.571	-7.659	4.808
-25.26	-5.018	6.618
-25.968	-6.235	7.19
-24.648	-4.175	7.748
-25.492	-5.962	3.651
-26.098	-6.875	2.696
-25.03	-7.673	1.979
-25.2	-8.875	1.756
-26.984	-6.097	1.696
-28.065	-5.274	2.402
-29.138	-4.749	1.444
-28.793	-4.364	0.295
-30.318	-4.724	1.855
-23.932	-7.013	1.63
-22.828	-7.677	0.952
-22.248	-8.771	1.855
-22.035	-9.896	1.422
-21.734	-6.665	0.604
-20.661	-7.284	-0.093
-22.001	-8.426	3.11
-21.468	-9.402	4.065
-22.405	-10.579	4.182
-21.982	-11.725	4.074
-21.264	-8.738	5.428
-23.692	-10.307	4.4
-24.674	-11.378	4.512
-24.58	-12.261	3.262
-24.636	-13.49	3.355
-26.117	-10.832	4.625
-27.13	-12.008	4.532
-26.296	-10.088	5.944
-24.435	-11.627	2.105
-24.321	-12.383	0.857
-23.155	-13.365	0.889
-23.309	-14.55	0.574
-24.134	-11.443	-0.335
-25.428	-10.775	-0.76
-25.311	-9.708	-1.551
-26.527	-11.223	-0.396
-21.987	-12.871	1.282
-20.779	-13.694	1.329
-20.841	-14.875	2.313
-20.126	-15.858	2.147
-19.57	-12.807	1.654
-21.681	-14.778	3.331
-21.793	-15.84	4.323
-22.954	-16.802	4.062
-23.091	-17.816	4.74
-21.955	-15.237	5.747
-21.799	-16.332	6.805
-23.324	-14.593	5.893
-20.449	-17	6.789
-23.777	-16.48	3.068
-24.937	-17.306	2.733
-24.687	-18.788	2.477
-25.452	-19.62	2.952
-25.685	-16.697	1.541
-26.851	-15.832	1.974
-27.346	-14.917	0.862
-28.511	-14.07	1.368
-28.873	-12.984	0.414
-23.624	-19.125	1.754
-23.346	-20.534	1.472
-23.04	-21.3	2.754
-23.646	-22.335	3.032
-22.152	-20.676	0.509
-22.378	-21.712	-0.594
-21.089	-22.375	-1.078
-20.089	-21.66	-1.323
-21.084	-23.618	-1.222
-22.098	-20.782	3.54
-21.726	-21.42	4.79
-22.931	-21.542	5.727
-23.128	-22.57	6.38
-20.595	-20.623	5.459
-20.132	-21.194	6.776
-19.619	-22.486	6.85
-20.173	-20.425	7.932
-19.159	-23.004	8.061
-19.717	-20.921	9.153
-19.205	-22.216	9.222
-23.742	-20.49	5.795
-24.922	-20.5	6.66
-25.871	-21.629	6.256
-26.308	-22.409	7.09
-25.643	-19.153	6.586
-26.178	-21.701	4.973
-27.064	-22.747	4.456
-26.509	-24.115	4.836
-27.253	-24.991	5.262
-27.172	-22.655	2.928
-27.572	-21.354	2.522
-25.197	-24.273	4.691
-24.503	-25.511	5.019
-24.846	-26.031	6.41
-24.75	-27.234	6.67
-22.984	-25.311	4.93
-22.595	-24.923	3.621
-25.22	-25.127	7.312
-25.568	-25.536	8.664
-27.034	-25.272	8.968
-27.454	-25.298	10.129
-24.686	-24.824	9.693
-23.265	-25.286	9.691
-22.55	-25.961	10.625
-22.415	-25.072	8.631
-21.231	-25.596	8.909
-21.289	-26.142	10.111
-27.811	-25.02	7.917
-29.229	-24.774	8.061
-29.503	-23.546	8.946
-30.398	-23.563	9.795
-29.882	-26.014	8.676
-31.365	-26.082	8.417
-31.815	-25.406	7.362
-32.102	-26.749	9.145
-28.714	-22.501	8.747
-28.872	-21.268	9.515
-29.301	-20.159	8.591
-28.693	-19.949	7.554
-27.535	-20.854	10.207
-27.671	-19.485	10.874
-27.143	-21.921	11.256
-30.359	-19.449	8.949
-30.792	-18.347	8.096
-30.215	-17.033	8.592
-30.157	-16.798	9.798
-32.316	-18.287	8.043
-32.888	-19.476	7.296
-33.235	-19.268	6.031
-32.982	-20.582	7.852
-29.78	-16.21	7.648
-29.169	-14.93	7.973
-30.101	-13.801	7.563
-30.572	-13.755	6.429
-27.824	-14.782	7.256
-27.151	-13.48	7.664
-26.929	-15.973	7.588
-30.359	-12.901	8.507
-31.269	-11.786	8.279
-30.586	-10.417	8.504
-29.527	-10.335	9.094
-32.487	-11.85	9.129
-33.378	-13.073	9.127
-32.77	-14.184	9.983
-34.727	-12.67	9.715
-31.222	-9.372	7.964
-30.735	-8.02	8.111
-31.941	-7.111	8.291
-32.903	-7.186	7.528
-29.931	-7.595	6.878
-29.698	-6.102	6.78
-29.392	-5.348	7.903
-29.784	-5.466	5.548
-29.16	-3.986	7.811
-29.551	-4.091	5.441
-29.24	-3.357	6.562
-31.872	-6.274	9.318
-32.914	-5.319	9.655
-32.252	-3.989	9.997
-31.191	-3.974	10.633
-33.662	-5.773	10.894
-34.916	-6.565	10.661
-35.467	-7.097	11.975
-35.241	-6.434	13.015
-36.123	-8.165	11.966
-32.873	-2.883	9.571
-32.355	-1.566	9.885
-33.514	-0.764	10.474
-34.58	-0.67	9.866
-31.816	-0.888	8.638
-31.349	0.427	8.951
-33.312	-0.195	11.661
-34.347	0.581	12.318
-34.309	2.022	11.862
-35.01	2.858	12.403
-34.177	0.509	13.837
-34.44	-0.862	14.371
-33.748	-1.232	15.455
-35.273	-1.592	13.824
-33.494	2.277	10.846
-33.329	3.612	10.291
-33.326	3.462	8.773
-32.795	2.489	8.238
-31.976	4.229	10.775
-31.685	5.519	10.045
-32.045	4.471	12.275
-33.914	4.426	8.052
-33.946	4.35	6.586
-32.543	4.3	5.966
-31.638	5.017	6.391
-34.679	5.631	6.192
-35.593	5.857	7.342
-34.695	5.579	8.536
-32.356	3.432	4.979
-31.084	3.315	4.298
-31.004	4.421	3.248
-32.022	4.902	2.779
-30.96	1.952	3.611
-30.82	0.506	4.717
-29.786	4.837	2.876
-28.511	4.333	3.392
-28.185	4.897	4.769
-28.654	5.976	5.137
-27.516	4.795	2.338
-28.092	6.124	1.921
-29.565	5.808	1.79
-27.395	4.149	5.539
-26.98	4.6	6.857
-25.501	4.888	6.691
-24.658	3.988	6.756
-27.203	3.509	7.925
-26.739	4.01	9.285
-28.676	3.133	7.98
-25.193	6.152	6.423
-23.829	6.598	6.186
-22.983	6.75	7.439
-23.402	7.339	8.433
-23.85	7.919	5.423
-24.441	7.803	4.028
-24.713	9.159	3.395
-25.693	9.825	3.801
-23.94	9.56	2.501
-21.78	6.188	7.371
-20.833	6.264	8.47
-19.423	6.412	7.904
-19.107	5.887	6.844
-20.926	5.02	9.337
-18.599	7.166	8.618
-17.224	7.391	8.228
-16.45	6.216	8.82
-16.039	6.257	9.992
-16.747	8.706	8.835
-15.409	9.17	8.334
-15.192	9.39	6.975
-14.363	9.426	9.225
-13.964	9.865	6.508
-13.132	9.902	8.771
-12.943	10.12	7.41
-11.735	10.586	6.961
-16.271	5.166	8.027
-15.593	3.969	8.506
-14.691	3.319	7.461
-14.688	3.715	6.297
-16.625	2.921	8.963
-17.558	2.581	7.791
-17.417	3.454	10.15
-18.636	1.555	8.131
-13.919	2.314	7.893
-13.042	1.58	6.984
-13.896	0.409	6.486
-14.13	-0.569	7.21
-11.812	1.066	7.726
-10.814	0.395	6.813
-11.225	-0.465	6.012
-9.604	0.719	6.924
-14.318	0.445	5.227
-15.216	-0.577	4.67
-14.686	-2.007	4.693
-15.377	-2.934	5.062
-15.389	-0.132	3.222
-14.208	0.613	2.929
-13.823	1.339	4.175
-13.44	-2.156	4.298
-12.778	-3.439	4.287
-12.666	-4.039	5.684
-12.936	-5.205	5.884
-11.397	-3.277	3.691
-10.808	-4.61	3.395
-11.502	-2.647	2.415
-12.247	-3.217	6.632
-12.154	-3.625	8.017
-13.496	-3.947	8.674
-13.653	-4.996	9.257
-11.309	-2.663	8.842
-9.829	-2.629	8.47
-9.124	-3.975	8.455
-7.724	-3.85	8.095
-6.841	-4.826	8.156
-7.191	-6.024	8.567
-5.59	-4.598	7.814
-14.475	-3.069	8.561
-15.769	-3.376	9.134
-16.473	-4.591	8.486
-17.222	-5.291	9.132
-16.664	-2.123	9.267
-16.188	-1.175	10.411
-18.125	-2.518	9.404
-16.584	-1.501	11.824
-16.173	-4.857	7.224
-16.617	-6.088	6.572
-16.009	-7.335	7.2
-16.698	-8.288	7.487
-16.283	-6.05	5.098
-16.632	-7.303	4.347
-16.452	-7.176	2.854
-16.253	-8.45	2.188
-17.221	-9.144	1.618
-18.461	-8.697	1.645
-16.956	-10.291	1.025
-14.702	-7.292	7.386
-13.988	-8.217	8.242
-14.555	-8.371	9.665
-14.752	-9.483	10.089
-12.502	-7.887	8.233
-11.634	-8.708	9.148
-10.156	-8.438	8.947
-9.354	-9.469	9.054
-9.761	-7.319	8.697
-14.842	-7.269	10.364
-15.55	-7.306	11.659
-16.791	-8.134	11.539
-16.962	-9.118	12.234
-16.012	-5.894	12.168
-17.157	-5.971	13.335
-14.87	-5.113	12.619
-17.664	-7.69	10.655
-18.967	-8.274	10.504
-18.945	-9.748	10.153
-19.765	-10.502	10.623
-19.773	-7.498	9.483
-21.236	-7.877	9.384
-21.883	-7.811	10.728
-21.922	-7	8.407
-18.009	-10.142	9.308
-17.933	-11.514	8.856
-17.55	-12.491	9.963
-18.087	-13.581	10.039
-17.013	-11.639	7.66
-17.605	-11.179	6.336
-16.555	-11.016	5.289
-18.705	-12.096	5.873
-16.636	-12.072	10.828
-16.298	-12.837	12.017
-17.535	-13.028	12.869
-17.854	-14.124	13.284
-15.187	-12.135	12.807
-14.832	-12.842	14.094
-14.696	-14.145	14.033
-14.685	-12.222	15.126
-18.249	-11.94	13.086
-19.471	-11.975	13.852
-20.475	-12.917	13.216
-21.059	-13.742	13.882
-20.074	-10.595	13.958
-19.893	-9.822	15.251
-18.712	-10.231	16.058
-19.905	-8.371	14.996
-20.664	-12.779	11.922
-21.661	-13.629	11.223
-21.227	-15.099	11.276
-22.033	-15.971	11.616
-21.817	-13.187	9.762
-22.524	-11.833	9.576
-22.557	-11.469	8.093
-23.944	-11.92	10.116
-19.976	-15.36	10.927
-19.435	-16.73	10.959
-19.63	-17.359	12.335
-20.035	-18.53	12.461
-17.947	-16.694	10.588
-17.262	-18.015	10.794
-17.338	-18.881	9.786
-16.662	-18.265	11.851
-19.368	-16.592	13.392
-19.551	-17.111	14.738
-21.022	-17.469	14.998
-21.317	-18.466	15.642
-19.062	-16.08	15.782
-17.546	-16.079	15.917
-16.897	-17.159	15.469
-16.961	-15.112	16.407
-21.937	-16.632	14.516
-23.349	-16.886	14.714
-23.736	-18.244	14.083
-24.593	-18.943	14.605
-23.111	-18.583	12.962
-23.399	-19.863	12.297
-22.718	-21.009	13.065
-23.364	-21.985	13.435
-22.861	-19.876	10.847
-23.053	-21.284	10.242
-23.577	-18.848	10.005
-21.422	-20.859	13.312
-20.63	-21.865	14.017
-21.153	-22.274	15.378
-21.074	-23.448	15.739
-19.18	-21.394	14.177
-18.301	-21.657	12.975
-16.913	-21.056	13.168
-16.22	-21.576	14.419
-14.844	-21.011	14.548
-21.667	-21.319	16.15
-22.15	-21.642	17.487
-23.673	-21.681	17.609
-24.248	-21.388	18.658
-21.548	-20.668	18.509
-20.047	-20.737	18.485
-19.293	-19.765	17.822
-19.374	-21.842	19.027
-17.91	-19.888	17.693
-17.995	-21.981	18.9
-17.27	-21.01	18.234
-15.924	-21.166	18.063
-24.32	-22.023	16.503
-25.78	-22.131	16.492
-26.176	-23.31	17.369
-25.346	-24.189	17.647
-26.257	-22.357	15.057
-25.603	-23.48	14.5
-27.426	-23.325	17.815
-27.92	-24.378	18.684
-28.544	-25.502	17.862
-29.555	-25.313	17.194
-28.934	-23.798	19.666
-29.524	-24.791	20.67
-29.861	-24.082	21.971
-30.699	-24.947	22.914
-30.082	-26.276	23.206
-27.904	-26.666	17.91
-28.362	-27.847	17.18
-29.862	-28.119	17.331
-30.563	-28.358	16.348
-27.556	-29.074	17.641
-28.29	-30.402	17.501
-28.739	-30.634	16.07
-30.028	-31.443	16.038
-30.625	-31.429	14.674
-30.351	-28.063	18.558
-31.75	-28.34	18.855
-32.764	-27.232	18.547
-33.911	-27.3	19
-31.897	-28.77	20.322
-31.345	-30.125	20.603
-30.585	-30.646	19.761
-31.676	-30.683	21.678
-32.36	-26.223	17.778
-33.282	-25.16	17.417
-33.75	-25.411	15.979
-32.949	-25.691	15.101
-32.595	-23.801	17.53
-35.066	-25.325	15.73
-35.599	-25.553	14.386
-35.419	-24.321	13.5
-35.422	-24.415	12.272
-37.079	-25.834	14.633
-37.189	-26.055	16.135
-36.158	-25.158	16.697
-35.266	-23.168	14.147
-35.133	-21.902	13.451
-33.788	-21.199	13.708
-33.778	-20.046	14.12
-36.26	-20.981	13.903
-36.186	-20.669	15.398
-35.607	-21.491	16.14
-36.718	-19.615	15.826
-32.688	-21.9	13.466
-31.34	-21.331	13.667
-31.184	-20.1	12.808
-31.442	-20.141	11.595
-30.256	-22.335	13.287
-30.292	-23.649	14.067
-29.199	-24.576	13.544
-29.211	-25.895	14.279
-30.524	-26.59	14.157
-30.75	-18.993	13.415
-30.581	-17.792	12.605
-29.536	-16.867	13.21
-29.115	-17.059	14.358
-31.906	-17.029	12.495
-32.266	-16.272	13.761
-31.691	-15.018	14.028
-33.128	-16.821	14.716
-31.975	-14.346	15.224
-33.427	-16.158	15.888
-32.845	-14.919	16.144
-33.132	-14.263	17.32
-29.111	-15.91	12.388
-28.188	-14.881	12.833
-28.735	-13.644	12.159
-28.87	-13.618	10.927
-26.75	-15.113	12.343
-25.829	-14.009	12.925
-26.276	-16.493	12.821
-29.033	-12.621	12.95
-29.589	-11.396	12.388
-28.783	-10.146	12.703
-28.397	-9.924	13.854
-31.012	-11.229	12.874
-31.536	-9.784	12.823
-33.035	-9.704	13.087
-33.419	-10.112	14.482
-34.882	-9.848	14.693
-28.523	-9.343	11.679
-27.789	-8.104	11.862
-28.836	-7	11.983
-29.692	-6.856	11.091
-26.887	-7.795	10.655
-26.124	-6.484	10.899
-25.883	-8.936	10.425
-28.784	-6.245	13.078
-29.724	-5.16	13.294
-28.922	-3.865	13.25
-27.987	-3.686	14.04
-30.413	-5.283	14.671
-31.138	-6.633	14.764
-31.431	-4.147	14.864
-31.437	-7.08	16.186
-29.325	-2.944	12.37
-28.648	-1.654	12.229
-29.505	-0.538	12.883
-30.754	-0.575	12.838
-28.429	-1.376	10.761
-27.661	-0.122	10.335
-26.307	-0.044	11.065
-27.448	-0.18	8.823
-28.846	0.405	13.553
-29.562	1.461	14.244
-28.598	2.577	14.631
-27.379	2.438	14.476
-30.209	0.886	15.508
-31.556	1.515	15.819
-32.217	1.013	16.74
-31.951	2.487	15.142
-29.153	3.688	15.106
-28.327	4.822	15.532
-28.59	5.04	17.019
-29.714	4.827	17.498
-28.672	6.064	14.716
-28.56	5.826	13.218
-28.785	7.076	12.378
-29.736	7.83	12.657
-28.017	7.3	11.423
-27.556	5.424	17.765
-27.725	5.627	19.196
-26.611	6.467	19.784
-25.463	6.377	19.351
-27.753	4.28	19.935
-27.967	4.412	21.432
-27.778	3.08	22.15
-28.206	3.163	23.615
-27.416	4.132	24.441
-26.967	7.286	20.766
-25.992	8.125	21.446
-25.1	8.897	20.476
-23.922	9.091	20.744
-25.129	7.247	22.352
-25.89	6.741	23.57
-27.13	6.568	23.467
-25.241	6.509	24.624
-25.666	9.317	19.352
-24.893	10.071	18.376
-24.04	9.214	17.453
-23.316	9.739	16.6
-24.118	7.896	17.62
-23.331	7.017	16.767
-24.192	5.92	16.176
-25.425	6.023	16.15
-23.547	4.882	15.667
-24.269	3.761	15.067
-24.115	2.528	15.956
-23.011	2.248	16.46
-23.698	3.382	13.71
-24.422	2.148	13.167
-23.848	4.562	12.747
-25.217	1.818	16.152
-25.203	0.61	16.942
-25.535	-0.523	15.986
-26.585	-0.493	15.331
-26.257	0.673	18.033
-26.263	-0.498	19.011
-24.989	-0.464	19.873
-27.498	-0.43	19.905
-24.64	-1.512	15.921
-24.844	-2.692	15.085
-24.964	-3.854	16.062
-24.154	-3.988	16.987
-23.623	-2.976	14.198
-23.479	-1.895	13.132
-23.739	-4.356	13.563
-22.157	-1.969	12.383
-25.983	-4.684	15.885
-26.137	-5.823	16.765
-26.147	-7.07	15.859
-26.771	-7.072	14.804
-27.453	-5.779	17.556
-27.414	-4.615	18.551
-27.67	-7.094	18.313
-28.77	-4.288	19.159
-25.404	-8.093	16.273
-25.409	-9.344	15.503
-25.986	-10.304	16.509
-25.325	-10.656	17.502
-24.006	-9.792	15.084
-24.084	-11.128	14.378
-23.406	-8.74	14.128
-27.241	-10.69	16.274
-27.959	-11.562	17.195
-28.134	-12.989	16.674
-28.411	-13.175	15.502
-29.341	-10.955	17.449
-30.304	-11.835	18.226
-31.713	-11.233	18.27
-31.863	-10.116	18.802
-32.664	-11.872	17.754
-27.976	-13.957	17.561
-28.166	-15.361	17.191
-28.95	-16.036	18.307
-29.036	-15.503	19.42
-26.827	-16.078	16.962
-25.988	-16.25	18.253
-24.854	-15.749	18.264
-26.455	-16.884	19.223
-29.559	-17.173	17.998
-30.294	-17.924	19.004
-29.49	-19.198	19.162
-30.024	-20.312	19.132
-31.748	-18.198	18.542
-31.829	-19.017	17.268
-33.022	-19.606	17.034
-30.883	-19.093	16.481
-28.179	-18.993	19.307
-27.225	-20.082	19.448
-27.049	-20.636	20.855
-27.931	-20.518	21.7
-25.89	-21.254	21.105
-25.634	-21.887	22.392
-25.425	-20.934	23.567
-25.508	-21.349	24.73
-24.42	-22.821	22.32
-23.137	-22.006	22.047
-24.626	-23.848	21.209
-21.849	-22.837	22.125
-25.155	-19.664	23.27
-24.956	-18.722	24.379
-23.54	-18.804	24.958
-22.751	-19.654	24.564
-23.236	-17.911	25.906
-21.902	-17.833	26.502
-21.999	-17.68	28.024
-22.784	-16.873	28.525
-21.155	-16.608	25.908
-21.189	-16.687	24.372
-19.707	-16.564	26.426
-20.838	-15.361	23.671
-21.217	-18.464	28.778
-21.268	-18.358	30.246
-20.69	-17.042	30.772
-19.797	-16.452	30.156
-20.458	-19.575	30.706
-19.471	-19.775	29.569
-20.325	-19.552	28.351
-21.208	-16.586	31.908
-20.773	-15.319	32.524
-19.278	-15.112	32.659
-18.776	-14.027	32.38
-21.402	-15.158	33.908
-22.692	-14.349	33.876
-23.692	-14.855	34.402
-22.707	-13.209	33.342
-18.567	-16.144	33.092
-17.129	-16.051	33.281
-16.364	-15.782	31.997
-15.214	-15.363	32.038
-16.573	-17.343	33.903
-16.478	-18.496	32.94
-15.525	-18.83	32.034
-17.44	-19.481	32.855
-17.089	-20.37	31.941
-15.931	-20	31.427
-17.004	-16.009	30.854
-16.314	-15.835	29.578
-16.674	-14.632	28.714
-16.05	-14.434	27.67
-16.493	-17.073	28.747
-17.626	-13.818	29.15
-18.065	-12.681	28.323
-17.041	-11.614	27.926
-17.239	-10.9	26.939
-19.317	-12.061	28.94
-20.464	-13.07	28.916
-21.729	-12.583	29.615
-22.766	-13.708	29.642
-23.905	-13.436	30.593
-15.942	-11.49	28.67
-14.883	-10.551	28.285
-13.748	-11.366	27.669
-13.13	-10.973	26.687
-14.345	-9.789	29.504
-15.077	-8.478	29.753
-16.167	-8.268	29.187
-14.558	-7.648	30.53
-13.51	-12.53	28.242
-12.441	-13.399	27.801
-12.527	-13.905	26.36
-11.485	-14.18	25.749
-12.318	-14.597	28.752
-12.073	-14.176	30.204
-11.258	-15.231	30.919
-9.936	-15.371	30.299
-9.044	-16.294	30.636
-9.319	-17.175	31.594
-7.871	-16.339	30.011
-13.737	-14.022	25.802
-13.842	-14.488	24.408
-13.177	-13.547	23.431
-12.882	-13.928	22.295
-15.325	-14.68	23.94
-16.101	-13.371	24.12
-15.966	-15.816	24.707
-17.514	-13.428	23.506
-12.94	-12.303	23.845
-12.289	-11.351	22.955
-10.744	-11.438	22.967
-10.05	-10.758	22.195
-12.728	-9.936	23.3
-14.165	-9.678	23.014
-14.593	-9.428	21.706
-15.121	-9.7	24.037
-15.955	-9.206	21.43
-16.469	-9.482	23.776
-16.886	-9.236	22.462
-10.215	-12.264	23.861
-8.768	-12.427	23.936
-8.29	-13.364	22.846
-8.925	-14.38	22.57
-8.365	-13	25.296
-8.572	-12.03	26.452
-8.368	-12.705	27.795
-7.603	-13.688	27.856
-8.984	-12.263	28.773
-7.15	-13.03	22.245
-6.573	-13.859	21.2
-6.484	-15.312	21.663
-5.986	-15.585	22.768
-5.177	-13.357	20.859
-4.98	-12.947	19.414
-3.543	-12.546	19.125
-3.004	-13.042	18.011
-2.926	-11.796	19.898
-6.976	-16.229	20.828
-6.944	-17.668	21.115
-7.956	-18.26	22.075
-8.145	-19.478	22.083
-5.533	-18.077	21.59
-4.458	-17.786	20.584
-4.516	-18.335	19.303
-3.365	-16.987	20.923
-3.498	-18.092	18.374
-2.349	-16.74	20.001
-2.413	-17.296	18.727
-8.607	-17.441	22.894
-9.572	-17.964	23.847
-10.752	-18.675	23.196
-11.288	-18.217	22.174
-10.121	-16.842	24.728
-10.97	-17.342	25.865
-10.393	-17.641	27.109
-12.338	-17.549	25.705
-11.166	-18.13	28.165
-13.124	-18.05	26.752
-12.531	-18.337	27.977
-13.292	-18.824	29.016
-11.173	-19.781	23.804
-12.311	-20.562	23.322
-13.012	-21.117	24.562
-12.358	-21.571	25.505
-11.848	-21.715	22.421
-11.067	-21.264	21.201
-10.708	-22.42	20.256
-11.571	-22.485	19.073
-12.816	-22.956	19.082
-13.523	-22.977	17.96
-13.351	-23.415	20.206
-14.34	-21.044	24.587
-15.071	-21.557	25.741
-14.96	-23.078	25.74
-14.885	-23.704	26.799
-16.556	-21.142	25.691
-17.351	-21.906	26.735
-16.676	-19.64	25.916
-14.936	-23.655	24.54
-14.845	-25.095	24.397
-16.163	-25.74	24.714
-17.142	-25.093	25.109
-13.748	-25.662	25.283
-16.201	-27.012	24.562
-17.358	-27.813	24.612
-16.931	-28.439	23.339
-16.019	-29.275	23.34
-18.699	-27.09	24.46
-17.525	-28.026	22.251
-17.126	-28.47	20.987
-17.966	-27.835	19.934
-19.137	-28.101	19.685
-17.203	-29.971	20.892
-17.247	-26.98	19.367
-17.478	-26.335	18.131
-16.191	-26.924	17.566
-15.151	-26.878	18.21
-17.439	-24.801	18.168
-16.261	-27.504	16.376
-15.152	-28.23	15.786
-13.856	-27.917	16.382
-13.64	-27.811	17.577
-15.123	-27.972	14.275
-12.98	-27.745	15.457
-11.655	-27.375	15.75
-10.772	-27.468	14.523
-10.204	-28.509	14.211
-11.087	-28.246	16.852
-10.672	-26.373	13.797
-9.869	-26.295	12.561
-9.418	-24.852	12.354
-9.85	-24.109	11.476
-10.65	-26.791	11.363
-8.512	-24.531	13.286
-7.732	-23.29	13.613
-7.408	-22.408	12.419
-7.319	-21.184	12.459
-6.452	-23.677	14.351
-7.253	-23.202	11.375
-6.904	-22.904	10.024
-6.511	-21.505	9.683
-5.585	-20.882	10.203
-8.052	-23.331	9.115
-7.321	-21.077	8.745
-7.228	-19.8	8.101
-6.223	-18.95	8.769
-5.97	-17.832	8.312
-8.571	-19.086	8.089
-5.613	-19.404	9.847
-4.8	-18.351	10.352
-5.699	-17.139	10.516
-5.281	-16.037	10.151
-3.617	-18.048	9.436
-6.935	-17.299	11.058
-7.766	-16.142	11.287
-7.431	-15.612	12.684
-6.77	-16.308	13.448
-7.858	-14.403	13.053
-7.553	-13.846	14.374
-8.791	-13.693	15.277
-8.685	-13.354	16.456
-6.825	-12.513	14.204
-5.454	-12.661	13.529
-4.878	-11.305	13.181
-4.518	-13.423	14.456
-9.952	-13.945	14.683
-11.251	-13.926	15.349
-11.697	-12.66	16.093
-11.492	-11.538	15.64
-12.329	-12.851	17.246
-12.845	-11.724	18.012
-11.804	-10.716	18.447
-12.14	-9.548	18.657
-13.645	-12.202	19.247
-15.022	-12.798	18.959
-15.637	-13.301	20.254
-15.932	-11.715	18.325
-10.547	-11.145	18.54
-9.471	-10.236	18.965
-9.255	-9.148	17.931
-9.129	-7.968	18.278
-8.162	-11.018	19.199
-9.214	-9.504	16.646
-9.031	-8.432	15.656
-10.345	-7.686	15.46
-10.354	-6.519	15.087
-8.53	-8.949	14.282
-8.142	-7.746	13.413
-9.598	-9.777	13.596
-7.221	-8.079	12.251
-11.457	-8.368	15.697
-12.767	-7.74	15.573
-12.832	-6.596	16.594
-13.213	-5.48	16.269
-13.885	-8.77	15.843
-15.259	-8.107	15.87
-13.855	-9.761	14.812
-12.405	-6.888	17.827
-12.425	-5.872	18.862
-11.465	-4.728	18.514
-11.798	-3.544	18.681
-12.035	-6.505	20.197
-11.859	-5.497	21.364
-11.452	-6.264	22.652
-10.979	-5.325	23.79
-12.064	-4.749	24.575
-10.283	-5.062	18.011
-9.307	-4.034	17.692
-9.841	-3.117	16.588
-9.674	-1.902	16.655
-7.961	-4.672	17.245
-6.833	-3.678	16.97
-6.415	-2.86	18.19
-6.774	-3.25	19.345
-5.725	-1.829	18.002
-10.502	-3.701	15.589
-11.038	-2.878	14.507
-12.087	-1.892	15.03
-12.067	-0.709	14.697
-11.624	-3.776	13.371
-10.481	-4.513	12.662
-12.343	-2.912	12.367
-10.955	-5.584	11.686
-12.99	-2.368	15.867
-14.008	-1.504	16.451
-13.363	-0.397	17.323
-13.696	0.774	17.222
-14.997	-2.328	17.335
-15.856	-1.394	18.194
-15.898	-3.147	16.417
-12.426	-0.79	18.163
-11.788	0.206	19.041
-10.98	1.233	18.251
-10.919	2.4	18.616
-10.95	-0.521	20.113
-11.894	-1.22	21.097
-11.211	-1.921	22.256
-11.949	-2.404	23.133
-9.963	-2.014	22.28
-10.408	0.82	17.131
-9.648	1.765	16.303
-10.58	2.808	15.723
-10.145	3.924	15.413
-8.904	1.028	15.175
-7.571	0.424	15.607
-7.08	-0.563	14.578
-6.571	1.543	15.825
-11.858	2.466	15.559
-12.829	3.445	15.051
-13.318	4.335	16.193
-14.132	5.215	16.005
-14.042	2.745	14.418
-13.792	2.216	13.043
-14.135	2.699	11.817
-13.115	1.028	12.804
-13.057	0.809	11.5
-13.666	1.809	10.874
-12.85	4.052	17.398
-13.278	4.803	18.562
-14.523	4.209	19.203
-15.183	4.819	20.034
-14.841	2.966	18.824
-16.04	2.329	19.338
-15.85	1.347	20.484
-14.771	1.256	21.102
-16.914	0.602	20.749
-16.921	-0.4	21.817
-17.639	-1.664	21.348
-18.586	-1.586	20.595
-17.685	0.163	23.027
-17.91	-0.846	24.141
-18.645	-0.228	25.347
-18.841	-1.217	26.404
-20.031	-1.575	26.885
-21.156	-1.02	26.407
-20.108	-2.504	27.84
-17.178	-2.817	21.814
-17.866	-4.059	21.484
-17.99	-4.861	22.777
-17.078	-4.858	23.644
-17.104	-4.896	20.404
-17.907	-6.172	20.104
-15.683	-5.223	20.879
-17.409	-6.951	18.84
-19.127	-5.529	22.925
-19.38	-6.343	24.105
-20.46	-7.33	23.734
-21.052	-7.221	22.654
-19.833	-5.473	25.292
-21.204	-4.919	25.175
-22.341	-5.397	25.78
-21.602	-3.735	24.45
-22.986	-3.544	24.684
-20.916	-2.8	23.665
-23.418	-4.568	25.483
-23.707	-2.474	24.117
-21.628	-1.737	23.103
-23.007	-1.58	23.346
-20.715	-8.282	24.622
-21.724	-9.28	24.35
-22.695	-9.417	25.517
-22.365	-9.171	26.671
-21.064	-10.638	24.089
-20.477	-11.18	25.414
-22.079	-11.631	23.508
-23.912	-9.791	25.182
-24.964	-10.049	26.165
-25.458	-11.393	25.713
-25.819	-11.576	24.545
-26.025	-8.977	26.078
-25.494	-7.668	26.718
-26.486	-6.525	26.675
-27.691	-6.781	26.548
-26.044	-5.362	26.786
-25.427	-12.351	26.623
-25.793	-13.707	26.243
-26.352	-14.527	27.401
-26.088	-14.232	28.585
-24.549	-14.398	25.674
-24.793	-15.726	25.254
-27.142	-15.54	27.048
-27.71	-16.455	28.03
-27.492	-17.851	27.473
-27.936	-18.169	26.359
-29.21	-16.2	28.229
-29.542	-14.931	29.001
-30.826	-15.067	29.828
-31.633	-15.987	29.541
-31.037	-14.247	30.756
-26.79	-18.681	28.232
-26.508	-20.045	27.818
-27.793	-20.766	27.431
-28.794	-20.691	28.147
-25.816	-20.835	28.949
-25.648	-22.291	28.538
-24.447	-20.205	29.264
-27.756	-21.451	26.296
-28.923	-22.179	25.832
-29.902	-21.31	25.06
-30.741	-21.831	24.301
-29.793	-19.991	25.227
-30.69	-19.056	24.558
-30.094	-18.34	23.343
-30.752	-18.219	22.292
-31.187	-18.01	25.553
-32.075	-16.936	24.915
-32.35	-15.751	25.846
-33.263	-16.128	27.003
-33.671	-14.915	27.789
-28.859	-17.869	23.472
-28.238	-17.173	22.355
-27.439	-15.956	22.812
-27.371	-15.668	24.003
-26.875	-15.234	21.851
-26.06	-14.065	22.167
-26.342	-12.891	21.241
-26.762	-13.052	20.103
-24.569	-14.409	22.021
-24.26	-15.667	22.557
-26.083	-11.698	21.76
-26.226	-10.478	20.974
-24.882	-9.761	21.136
-24.493	-9.389	22.269
-27.377	-9.623	21.512
-28.751	-9.992	20.896
-29.93	-9.685	21.834
-30.039	-8.271	22.181
-30.607	-7.349	21.408
-31.13	-7.687	20.235
-30.667	-6.085	21.817
-24.135	-9.636	20.046
-22.855	-8.929	20.092
-23.162	-7.498	19.7
-23.767	-7.255	18.663
-21.855	-9.517	19.098
-21.175	-10.761	19.601
-21.84	-11.992	19.575
-19.9	-10.687	20.169
-21.239	-13.131	20.117
-19.295	-11.829	20.718
-19.96	-13.04	20.698
-22.77	-6.555	20.542
-23.024	-5.144	20.246
-21.784	-4.401	19.765
-20.689	-4.52	20.371
-23.548	-4.423	21.504
-24.822	-4.978	22.034
-24.841	-6.198	22.72
-26.017	-4.251	21.91
-26.036	-6.678	23.28
-27.202	-4.727	22.465
-27.212	-5.937	23.147
-21.963	-3.593	18.728
-20.886	-2.794	18.191
-21.399	-1.357	18.063
-22.279	-1.068	17.224
-20.429	-3.244	16.796
-19.409	-2.212	16.222
-19.757	-4.622	16.893
-20.852	-0.489	18.906
-21.215	0.926	18.867
-20.006	1.663	18.333
-18.912	1.515	18.863
-21.516	1.446	20.265
-21.896	2.904	20.303
-23.184	3.435	20.19
-20.996	4.038	20.295
-21.783	5.216	20.166
-19.608	4.169	20.375
-23.099	4.821	20.09
-21.223	6.494	20.121
-19.041	5.436	20.326
-19.851	6.586	20.204
-20.2	2.445	17.274
-19.108	3.21	16.747
-19.549	4.65	16.475
-20.738	4.911	16.249
-18.597	2.622	15.449
-19.748	2.53	14.433
-17.892	1.293	15.664
-19.285	2.247	12.965
-18.606	5.59	16.525
-18.959	6.995	16.252
-19.448	6.972	14.795
-18.955	6.204	13.983
-17.62	7.719	16.379
-16.857	6.858	17.365
-17.183	5.454	16.896
-20.439	7.784	14.478
-20.992	7.809	13.124
-20.376	8.936	12.321
-19.946	8.771	11.168
-22.513	7.998	13.228
-23.264	8.274	11.934
-24.776	8.236	12.215
-25.558	9.153	11.291
-25.431	8.781	9.864
-20.312	10.073	12.993
-19.835	11.361	12.505
-18.331	11.633	12.525
-17.686	11.52	13.567
-20.542	12.394	13.356
-21.076	11.773	14.644
-22.297	11.491	14.714
-20.26	11.52	15.564
-17.79	12.023	11.373
-16.374	12.357	11.235
-16.031	12.612	9.773
-16.879	12.303	8.911
-15.505	11.234	11.787
-14.915	13.108	9.508
