4.716	-61.264	-9.426
4.893	-59.891	-9.817
5.778	-59.171	-8.848
5.584	-59.269	-7.65
3.552	-59.167	-9.906
2.453	-59.95	-10.658
1.333	-59.042	-11.062
0.381	-58.869	-9.95
-0.696	-59.654	-9.701
-1.004	-60.67	-10.447
-1.465	-59.356	-8.647
6.718	-58.473	-9.406
7.674	-57.709	-8.669
7.119	-56.314	-8.428
6.38	-55.791	-9.271
8.998	-57.713	-9.484
10.049	-56.876	-8.819
9.469	-59.166	-9.588
7.447	-55.704	-7.327
6.988	-54.481	-6.921
7.88	-53.333	-7.157
8.932	-53.467	-7.791
6.459	-54.565	-5.464
5.45	-55.613	-5.278
4.22	-55.34	-5.925
3.62	-56.362	-6.65
3.662	-54.216	-5.859
7.542	-52.024	-6.729
8.225	-50.814	-7.057
8.834	-50.067	-5.883
8.812	-50.542	-4.738
7.077	-50.021	-7.736
5.831	-50.449	-7.064
6.145	-51.78	-6.316
9.397	-48.816	-6.156
10.02	-48.033	-5.257
9.763	-46.556	-5.142
9.317	-46.095	-4.065
11.532	-48.273	-5.174
11.976	-48.511	-3.687
11.882	-49.419	-5.92
10.079	-45.708	-6.155
10.02	-44.285	-6.128
9.176	-43.622	-7.118
8.464	-44.294	-7.812
11.38	-43.669	-5.993
12.538	-44.347	-6.683
13.916	-43.97	-6.029
14.09	-42.789	-5.72
14.727	-44.822	-5.837
9.184	-42.28	-7.194
8.403	-41.456	-7.991
9.088	-40.203	-8.586
9.889	-39.542	-7.916
7.153	-41.005	-7.245
7.451	-40.668	-5.941
8.741	-39.837	-9.886
9.32	-38.77	-10.599
8.187	-37.876	-11.292
7.287	-38.516	-11.954
10.305	-39.087	-11.639
10.977	-40.461	-11.638
11.235	-37.96	-11.965
12.177	-40.662	-10.801
8.324	-36.609	-11.28
7.377	-35.637	-11.841
8.319	-34.516	-12.59
9.294	-34.074	-11.912
6.552	-34.915	-10.967
5.486	-34.028	-11.748
5.895	-35.626	-9.995
8.055	-34.239	-13.737
8.848	-33.2	-14.517
7.891	-32.112	-15.114
6.746	-32.458	-15.534
9.534	-33.821	-15.717
10.593	-34.813	-15.488
11.964	-34.308	-15.745
12.458	-33.517	-14.72
13.549	-32.771	-14.767
14.291	-32.727	-15.843
13.922	-32.024	-13.681
8.397	-30.822	-15.263
7.605	-29.74	-15.866
8.424	-28.576	-16.228
9.619	-28.562	-15.994
6.499	-29.277	-14.938
5.169	-29.989	-15.124
4.67	-30.787	-14.149
4.48	-29.851	-16.276
3.482	-31.427	-14.338
3.27	-30.501	-16.469
2.788	-31.277	-15.504
7.855	-27.451	-16.836
8.657	-26.239	-17.196
8.408	-25.097	-16.046
7.466	-25.129	-15.446
7.915	-25.726	-18.483
6.509	-26.276	-18.289
6.711	-27.657	-17.73
9.028	-24.65	-16.089
9.321	-23.622	-15.337
8.886	-22.167	-15.787
9.21	-21.65	-16.862
10.778	-23.546	-14.819
11.882	-22.986	-15.804
12.117	-23.649	-16.917
12.509	-21.924	-15.55
8.194	-21.452	-14.87
7.757	-20.148	-14.927
7.414	-19.575	-13.605
6.833	-20.222	-12.712
6.688	-19.886	-15.952
6.436	-18.408	-16.133
5.407	-20.643	-15.664
6.203	-17.939	-17.522
9.484	-19.346	-16.787
9.813	-17.896	-16.864
8.483	-17.123	-16.796
7.428	-17.654	-17.161
10.553	-17.56	-18.154
9.82	-18.073	-19.363
10.707	-16.152	-18.27
8.535	-15.837	-16.352
7.492	-14.932	-16.153
6.91	-15.013	-14.706
5.84	-15.563	-14.512
6.382	-14.995	-17.161
5.243	-14.027	-16.925
3.984	-14.543	-17.015
5.437	-12.821	-16.687
7.649	-14.451	-13.746
7.372	-14.501	-12.366
6.645	-13.248	-11.857
6.751	-12.207	-12.443
8.658	-14.64	-11.561
9.239	-16.009	-11.311
10.035	-16.5	-12.557
10.178	-15.967	-10.071
6	-13.391	-10.705
5.319	-12.303	-9.993
6.326	-11.615	-9.001
7.087	-12.376	-8.357
4.105	-12.877	-9.132
2.5	-12.7	-9.898
5.934	-10.477	-9.318
6.554	-9.374	-8.578
6.33	-9.49	-7.05
6.032	-8.498	-6.423
5.794	-8.133	-9.132
4.445	-8.658	-9.474
4.627	-10.111	-9.842
6.481	-10.713	-6.521
6.294	-10.959	-5.095
7.349	-10.337	-4.234
7.056	-9.939	-3.089
6.277	-12.5	-4.839
4.934	-13.066	-4.59
4.372	-13.073	-3.306
4.194	-13.638	-5.629
3.127	-13.617	-3.088
2.946	-14.18	-5.388
2.424	-14.169	-4.147
8.598	-10.251	-4.723
9.689	-9.707	-3.958
9.593	-8.228	-3.706
10.316	-7.629	-2.943
8.592	-7.629	-4.359
8.377	-6.067	-4.237
7.886	-5.769	-2.953
8.239	-4.659	-2.389
7.381	-5.641	-5.383
8.001	-5.235	-6.689
6.937	-4.674	-7.629
5.787	-5.081	-7.493
7.275	-3.841	-8.451
6.978	-6.511	-2.445
6.16	-6.399	-1.208
6.98	-6.782	0.032
7.028	-5.952	0.978
4.85	-7.117	-1.251
4.019	-6.957	0.038
4	-6.892	-2.541
7.682	-7.894	-0.003
8.49	-8.434	1.055
9.775	-7.595	1.251
9.974	-7.1	2.4
8.824	-9.889	0.831
7.574	-10.778	0.881
7.029	-11.104	2.106
7.005	-11.231	-0.26
5.902	-11.928	2.179
5.873	-12.059	-0.225
5.328	-12.404	0.981
10.471	-7.302	0.21
11.666	-6.532	0.213
11.465	-5.048	-0.101
12.279	-4.433	-0.787
12.728	-7.148	-0.634
12.914	-8.64	-0.34
13.238	-9.424	-1.366
12.752	-9.083	0.787
10.403	-4.482	0.409
10.135	-3.029	0.275
10.904	-2.336	1.39
10.893	-2.812	2.566
8.616	-2.756	0.42
11.578	-1.262	1.055
12.448	-0.553	2.025
11.703	0.067	3.148
12.202	0.053	4.311
13.367	0.407	1.336
14.779	0.357	1.97
13.507	0.058	-0.072
10.515	0.648	2.923
9.698	1.27	3.93
8.294	0.733	3.895
7.749	0.409	2.799
9.739	2.74	3.921
9.111	3.456	2.719
9.492	4.964	2.673
10.823	5.16	2.063
11.945	5.355	2.734
13.11	5.526	2.079
11.938	5.389	4.072
7.678	0.619	5.052
6.338	0.114	5.25
5.471	1.078	5.877
5.94	2.009	6.602
6.419	-1.228	6.102
6.546	-2.505	5.368
7.407	-2.724	4.25
5.831	-3.617	5.831
7.477	-3.841	3.639
5.95	-4.817	5.173
6.788	-4.929	4.056
4.16	0.943	5.68
3.152	1.869	6.224
2.69	1.501	7.589
3.12	0.518	8.192
1.994	1.987	5.275
1.749	2.306	8.132
1.225	2.132	9.451
-0.034	1.299	9.457
-0.584	0.984	8.425
0.983	3.499	10.11
0.878	3.373	11.523
-0.494	0.963	10.654
-1.622	0.132	10.878
-2.883	0.594	10.166
-3.397	-0.097	9.291
-1.926	-0.105	12.352
-2.729	-1.368	12.557
-0.683	-0.096	13.176
-3.42	1.717	10.606
-4.679	2.259	10.094
-4.715	2.45	8.616
-5.726	2.156	7.975
-5.163	3.438	10.863
-4.343	4.728	10.71
-3.068	4.836	11.265
-4.847	5.818	10.022
-2.328	5.978	11.141
-4.119	6.977	9.886
-2.856	7.053	10.448
-2.108	8.223	10.318
-3.658	2.941	8.005
-3.51	3.19	6.582
-2.634	2.077	5.93
-1.447	2.357	5.596
-2.95	4.564	6.298
-3.209	0.932	5.771
-2.558	-0.218	5.22
-2.669	-0.244	3.672
-3.669	0.249	3.137
-3.091	-1.51	5.809
-4.584	-1.638	5.79
-5.442	-1.133	6.711
-5.371	-2.303	4.8
-6.712	-2.177	5.176
-5.072	-3.006	3.618
-6.751	-1.455	6.357
-7.77	-2.719	4.429
-6.105	-3.533	2.889
-7.45	-3.384	3.306
-1.691	-0.787	3.066
-1.588	-0.945	1.591
-2.127	-2.26	1.154
-2.433	-3.169	1.934
-0.196	-0.703	1.095
0.388	0.646	1.416
1.7	0.79	1.291
-0.295	1.596	1.733
-2.244	-2.413	-0.185
-2.744	-3.572	-0.804
-2.189	-3.668	-2.227
-2.329	-2.747	-3.008
-4.311	-3.557	-0.864
-4.974	-4.853	-1.302
-6.478	-4.703	-1.234
-7.174	-5.965	-1.135
-7.578	-6.534	0
-7.378	-5.96	1.149
-8.218	-7.733	-0.039
-1.583	-4.807	-2.541
-1.012	-5.043	-3.863
-1.808	-6.154	-4.567
-1.794	-7.292	-4.125
0.489	-5.433	-3.745
1.115	-5.835	-5.101
1.451	-4.585	-5.944
2.109	-4.989	-7.254
1.145	-5.607	-8.179
-2.486	-5.781	-5.632
-3.255	-6.721	-6.433
-2.277	-7.442	-7.385
-1.532	-6.778	-8.119
-4.311	-5.952	-7.256
-5.374	-6.815	-7.893
-6.628	-5.989	-8.241
-7.357	-6.504	-9.319
-8.566	-7.055	-9.289
-9.108	-7.496	-10.483
-9.257	-7.201	-8.239
-2.277	-8.781	-7.337
-1.404	-9.599	-8.139
-2.221	-10.413	-9.131
-3.134	-11.163	-8.742
-0.526	-10.526	-7.27
0.079	-9.792	-6.139
0.523	-11.153	-8.13
0.689	-10.699	-5.07
-1.868	-10.299	-10.408
-2.54	-11.006	-11.47
-1.5	-11.216	-12.665
-0.483	-10.559	-12.674
-3.756	-10.283	-11.988
-4.767	-10.202	-10.997
-1.843	-12.085	-13.557
-1.097	-12.396	-14.731
0.324	-12.897	-14.463
1.215	-12.778	-15.344
-1.026	-11.154	-15.683
-2.373	-10.678	-16.122
-2.401	-9.982	-17.291
-3.363	-10.901	-15.475
0.569	-13.464	-13.287
1.88	-13.887	-12.87
1.954	-15.368	-12.515
0.935	-16.048	-12.343
2.394	-13.041	-11.694
2.143	-13.745	-10.069
3.162	-15.834	-12.439
3.532	-17.205	-12.101
4.628	-17.107	-10.995
5.666	-16.512	-11.242
4.098	-17.979	-13.327
4.443	-19.372	-12.935
3.122	-17.954	-14.463
4.341	-17.677	-9.817
5.237	-17.639	-8.698
5.617	-19.037	-8.244
4.833	-19.978	-8.392
4.66	-16.864	-7.551
6.803	-19.172	-7.677
7.326	-20.411	-7.234
7.04	-20.743	-5.718
6.895	-21.912	-5.395
8.846	-20.536	-7.507
9.71	-19.794	-6.509
9.542	-18.548	-6.387
10.568	-20.429	-5.868
6.959	-19.733	-4.902
6.647	-19.821	-3.45
7.685	-20.552	-2.643
7.557	-20.598	-1.392
5.263	-20.517	-3.226
4.112	-19.872	-3.878
3.613	-18.663	-3.4
3.45	-20.452	-4.971
2.492	-18.052	-4.02
2.387	-19.874	-5.557
1.9	-18.653	-5.074
0.821	-18.072	-5.675
8.75	-21.185	-3.244
9.684	-21.936	-2.518
10.535	-21.161	-1.52
10.644	-21.547	-0.41
10.581	-22.755	-3.42
9.768	-23.572	-4.287
11.182	-20.061	-2.021
12.034	-19.163	-1.354
11.483	-18.708	-0.063
12.214	-18.342	0.835
12.53	-18.007	-2.183
13.847	-17.41	-1.638
12.701	-18.295	-3.716
10.164	-18.741	0.076
9.48	-18.287	1.253
9.556	-19.303	2.44
9.667	-18.755	3.576
8.017	-17.986	0.932
7.816	-16.935	-0.176
6.344	-16.696	-0.45
8.533	-15.604	0.197
9.457	-20.535	2.225
9.504	-21.685	3.234
10.977	-21.827	3.691
11.247	-22.001	4.862
8.925	-22.834	2.936
7.936	-22.952	1.771
6.737	-22.293	1.754
8.252	-23.791	0.664
5.856	-22.409	0.683
7.369	-23.904	-0.406
6.208	-23.235	-0.393
5.343	-23.353	-1.455
11.875	-21.833	2.725
13.254	-22.077	2.917
13.947	-21.07	3.782
14.9	-21.401	4.487
13.974	-22.182	1.542
13.701	-23.488	0.833
14.616	-23.885	-0.076
12.694	-24.141	1.083
13.49	-19.832	3.751
14.072	-18.77	4.538
13.556	-18.825	5.993
12.338	-18.895	6.218
13.74	-17.387	3.899
14.865	-16.838	3.287
14.465	-18.787	6.937
14.162	-18.85	8.342
14.191	-17.477	9.025
14.217	-17.415	10.241
15.099	-19.79	9.057
14.193	-16.424	8.235
14.191	-15.044	8.774
12.771	-14.658	9.292
12.65	-13.819	10.122
14.614	-14.064	7.689
13.749	-14.144	6.551
11.743	-15.359	8.759
10.36	-15.146	9.211
10.16	-15.94	10.498
10.457	-17.16	10.547
9.38	-15.594	8.142
9.712	-15.164	6.759
9.916	-13.843	6.457
9.77	-16.086	5.742
10.202	-13.43	5.184
10.062	-15.704	4.423
10.277	-14.372	4.136
9.673	-15.277	11.552
9.433	-15.948	12.817
8.063	-16.558	12.93
7.862	-17.423	13.767
9.66	-14.95	13.968
8.552	-14.041	14.069
7.131	-16.137	12.114
5.796	-16.648	12.086
5.389	-16.792	10.624
5.26	-15.799	9.927
4.839	-15.787	12.849
3.365	-16.086	12.552
5.033	-15.982	14.289
5.137	-18.023	10.211
4.678	-18.315	8.813
3.445	-19.265	8.959
3.606	-20.484	9.009
5.799	-18.961	7.982
5.669	-18.791	6.517
4.521	-19.183	5.827
6.727	-18.261	5.781
4.433	-19.025	4.452
6.624	-18.112	4.394
5.468	-18.502	3.746
2.283	-18.675	9.033
1.062	-19.392	9.199
0.145	-19.219	7.974
-0.551	-18.166	7.869
0.31	-18.934	10.477
0.89	-19.406	11.763
-0.178	-19.305	12.866
0.29	-19.897	14.174
-0.641	-19.52	15.303
0.095	-20.205	7.141
-0.789	-20.213	5.97
-2.086	-20.929	6.416
-2.023	-22.085	6.926
-0.155	-20.874	4.777
0.882	-19.871	3.768
-3.216	-20.263	6.302
-4.461	-20.752	6.784
-5.318	-21.553	5.852
-5.628	-22.702	6.156
-5.308	-19.538	7.349
-4.909	-19.237	8.801
-3.756	-18.474	9.086
-5.636	-19.734	9.84
-3.384	-18.212	10.405
-5.267	-19.473	11.163
-4.127	-18.702	11.418
-3.758	-18.444	12.73
-5.736	-21	4.755
-6.627	-21.679	3.828
-6.09	-22.861	3.084
-6.855	-23.81	2.859
-4.844	-22.848	2.667
-4.264	-23.878	1.861
-2.951	-24.367	2.392
-2.331	-23.79	3.241
-4.083	-23.369	0.371
-3.1	-22.216	0.327
-3.653	-24.494	-0.549
-2.5	-25.502	1.799
-1.252	-26.136	2.134
-0.12	-25.458	1.391
-0.104	-25.531	0.119
-1.319	-27.647	1.726
-1.693	-27.784	0.39
0.845	-24.794	2.05
1.903	-24.133	1.286
2.786	-25.086	0.483
3.229	-24.682	-0.59
2.718	-23.384	2.383
2.439	-24.153	3.623
1.01	-24.594	3.498
3.047	-26.262	0.966
3.874	-27.22	0.295
3.337	-27.582	-1.06
4.119	-27.71	-2.028
4.114	-28.441	1.148
2.811	-28.984	1.734
4.755	-29.479	0.368
2.029	-27.73	-1.179
1.358	-28.04	-2.429
0.551	-26.768	-2.918
-0.673	-26.722	-2.841
0.402	-29.241	-2.263
1.15	-30.576	-2.099
0.161	-31.732	-1.846
-0.543	-31.568	-0.501
0.423	-31.396	0.656
1.305	-25.809	-3.368
0.786	-24.57	-3.866
1.14	-24.306	-5.316
0.306	-23.824	-6.068
1.311	-23.372	-3.033
0.292	-22.55	-2.216
1.014	-21.444	-1.474
-0.811	-21.98	-3.09
2.425	-24.56	-5.723
2.909	-24.371	-7.015
2.271	-25.337	-8.073
2.746	-25.361	-9.192
4.444	-24.479	-7.077
5.065	-25.344	-6.01
5.921	-26.291	-6.445
4.828	-25.195	-4.838
1.25	-26.023	-7.695
0.491	-26.884	-8.53
-0.974	-26.382	-8.685
-1.769	-27.087	-9.295
0.512	-28.33	-8.096
-0.041	-28.613	-6.756
-0.192	-27.694	-5.9
-0.316	-29.799	-6.452
-1.29	-25.241	-8.139
-2.623	-24.666	-8.166
-2.613	-23.298	-8.887
-1.547	-22.754	-9.222
-3.151	-24.482	-6.723
-4.438	-25.195	-6.357
-4.39	-25.596	-4.897
-5.658	-24.31	-6.635
-3.802	-22.768	-9.08
-4.015	-21.487	-9.707
-5.233	-20.853	-9.066
-6.222	-21.554	-8.752
-4.216	-21.607	-11.244
-3.984	-20.054	-12.101
-5.155	-19.55	-8.833
-6.243	-18.805	-8.172
-6.706	-17.64	-9.037
-6.066	-17.296	-10.039
-5.791	-18.282	-6.806
-5.47	-19.342	-5.812
-6.485	-19.888	-5.032
-4.193	-19.794	-5.639
-6.18	-20.885	-4.091
-3.89	-20.773	-4.717
-4.869	-21.321	-3.944
-7.778	-17.024	-8.619
-8.368	-15.891	-9.262
-7.622	-14.618	-9.01
-7.032	-14.042	-9.948
-9.847	-15.792	-8.954
-10.462	-14.535	-9.604
-10.536	-16.937	-9.444
-7.591	-14.17	-7.773
-6.952	-12.989	-7.337
-6.192	-13.244	-6.024
-6.691	-13.905	-5.12
-7.948	-11.83	-7.142
-8.276	-11.08	-8.407
-9.446	-10.393	-8.403
-7.535	-11.091	-9.372
-4.995	-12.663	-5.919
-4.178	-12.749	-4.727
-3.759	-11.354	-4.34
-3.071	-10.674	-5.099
-2.976	-13.73	-4.91
-2.186	-13.411	-6.183
-2.122	-13.738	-3.701
-4.229	-10.917	-3.208
-3.975	-9.596	-2.632
-2.895	-9.683	-1.612
-2.736	-10.746	-0.944
-5.244	-9.025	-1.982
-6.455	-8.931	-2.907
-6.414	-8.139	-4.044
-7.619	-9.623	-2.626
-7.528	-8.051	-4.892
-8.729	-9.544	-3.456
-8.671	-8.762	-4.574
-9.783	-8.679	-5.412
-2.111	-8.603	-1.433
-0.99	-8.589	-0.486
-0.999	-7.28	0.301
-0.562	-6.233	-0.247
0.321	-8.762	-1.224
-1.42	-7.325	1.532
-1.456	-6.202	2.419
-0.102	-6.083	3.174
0.707	-7.031	3.133
-2.582	-6.329	3.45
-3.947	-6.605	2.787
-4.245	-5.949	1.757
-4.691	-7.461	3.275
0.135	-4.945	3.838
1.36	-4.74	4.538
1.264	-3.535	5.48
0.754	-2.474	5.112
2.539	-4.533	3.57
2.102	-3.872	2.368
1.818	-3.717	6.689
1.878	-2.671	7.734
2.837	-3.115	8.784
3.369	-4.241	8.756
0.477	-2.329	8.264
-0.312	-3.461	8.754
-0.402	-3.721	10.147
-1.037	-4.268	7.895
-1.187	-4.791	10.616
-1.799	-5.304	8.349
-1.885	-5.578	9.701
3.119	-2.223	9.744
4.061	-2.468	10.839
3.344	-2.269	12.178
2.7	-1.253	12.392
5.307	-1.538	10.743
6.084	-1.518	12.055
6.198	-2.033	9.595
3.46	-3.279	13.042
2.804	-3.337	14.319
3.788	-3.737	15.413
4.977	-3.965	15.168
1.568	-4.253	14.333
1.821	-5.537	13.542
0.338	-3.564	13.926
1.158	-6.764	14.2
3.275	-3.8	16.642
4.001	-4.161	17.816
4.084	-5.693	17.934
3.454	-6.405	17.163
3.355	-3.545	19.043
4.109	-3.749	20.364
3.126	-3.963	21.523
2.275	-2.807	21.716
1.543	-2.555	22.77
0.797	-1.433	22.817
1.529	-3.386	23.777
4.825	-6.175	18.905
5.064	-7.551	19.088
3.922	-8.391	19.612
3.729	-9.524	19.171
3.184	-7.876	20.587
2.072	-8.59	21.179
0.867	-8.723	20.221
0.041	-9.608	20.424
1.554	-7.826	22.439
2.522	-7.847	23.582
3.182	-8.884	23.821
2.605	-6.82	24.304
0.74	-7.852	19.215
-0.312	-7.786	18.346
-0.185	-8.613	17.041
-1.166	-8.635	16.256
-0.761	-6.39	17.941
-0.193	-5.255	18.725
-1.172	-4.734	19.809
-1.906	-5.578	20.376
-1.19	-3.504	20.067
0.909	-9.347	16.861
1.117	-10.184	15.68
0.036	-11.305	15.538
-0.401	-11.58	14.432
2.524	-10.741	15.667
2.817	-11.57	14.446
3.557	-9.585	15.789
-0.237	-11.902	16.436
-1.313	-12.927	16.731
-2.724	-12.462	16.381
-3.507	-13.332	15.92
-1.357	-13.612	18.093
-1.189	-12.78	19.434
-0.608	-13.489	20.497
-1.665	-13.709	21.528
-1.458	-14.134	22.7
-0.231	-14.438	23.152
-2.508	-14.29	23.54
-3.053	-11.232	16.563
-4.388	-10.665	16.316
-4.797	-10.53	14.897
-5.991	-10.359	14.636
-4.552	-9.297	17.04
-4.234	-9.375	18.541
-4.64	-8.13	19.271
-4.255	-8.039	20.538
-5.307	-7.234	18.694
-3.852	-10.6	13.946
-4.097	-10.558	12.533
-4.071	-11.999	12.077
-3.046	-12.579	11.723
-3.132	-9.651	11.762
-3.426	-8.196	12.128
-3.377	-9.759	10.236
-2.579	-7.63	13.254
-5.262	-12.567	12.152
-5.595	-13.937	11.864
-7.146	-14.085	12.045
-7.753	-13.266	12.709
-4.917	-14.886	12.882
-7.759	-15.104	11.381
-9.216	-15.298	11.58
-9.554	-15.712	12.999
-8.767	-16.297	13.746
-9.534	-16.407	10.614
-8.452	-16.548	9.695
-7.346	-15.667	10.07
-10.841	-15.418	13.357
-11.386	-15.735	14.645
-10.858	-14.951	15.832
-11.359	-15.108	16.923
-9.85	-14.054	15.61
-9.182	-13.324	16.617
-9.859	-12.068	17.09
-10.432	-11.316	16.353
-7.68	-13.172	16.365
-6.969	-14.529	16.305
-6.169	-14.851	17.536
-4.975	-15.378	17.331
-6.601	-14.648	18.664
-9.782	-11.93	18.423
-10.383	-10.844	19.15
-9.243	-10.143	19.908
-8.45	-10.776	20.557
-11.405	-11.426	20.154
-12.335	-10.357	20.666
-12.133	-12.459	19.507
-9.205	-8.822	19.756
-8.207	-7.969	20.38
-8.485	-6.513	20.07
-9.502	-6.193	19.397
-7.614	-5.686	20.549
-7.733	-4.236	20.352
-7.449	-3.835	18.881
-8.029	-2.891	18.379
-6.741	-3.513	21.28
-7.253	-2.172	21.845
-8.098	-2.373	23.072
-8.948	-1.148	23.339
-9.921	-1.355	24.414
-6.558	-4.564	18.247
-6.206	-4.287	16.843
-7.25	-5.008	15.901
-7.573	-4.425	14.892
-4.783	-4.778	16.535
-3.777	-4.175	17.481
-4.431	-4.57	15.095
-3.501	-2.714	17.293
-7.674	-6.186	16.272
-8.567	-6.972	15.574
-9.998	-6.338	15.48
-10.634	-6.519	14.429
-8.694	-8.381	16.11
-10.387	-5.644	16.474
-11.744	-5.038	16.549
-11.833	-3.576	16.171
-12.966	-3.12	15.79
-12.331	-5.232	17.953
-12.606	-6.66	18.289
-12.796	-7.483	17.349
-12.64	-7	19.521
-10.768	-2.79	16.264
-10.76	-1.405	15.949
-9.959	-0.946	14.755
-10.353	0.138	14.197
-10.264	-0.577	17.192
-11.135	-0.624	18.407
-12.512	-0.923	18.339
-10.603	-0.352	19.673
-13.3	-0.954	19.475
-11.408	-0.386	20.803
-12.74	-0.684	20.689
-13.533	-0.716	21.809
-8.919	-1.572	14.357
-8.066	-1.234	13.248
-8.26	-2.032	11.986
-8.16	-1.475	10.901
-6.595	-1.407	13.635
-6.143	-0.458	14.742
-6.183	-0.949	15.985
-5.73	0.672	14.493
-8.429	-3.32	12.11
-8.464	-4.232	10.907
-9.062	-5.582	11.366
-8.635	-6.114	12.386
-6.967	-4.433	10.445
-6.733	-5.138	9.208
-6.6	-4.445	7.989
-6.487	-6.523	9.191
-6.306	-5.125	6.805
-6.198	-7.171	8.01
-6.108	-6.492	6.849
-5.815	-7.177	5.673
-10.012	-6.051	10.583
-10.697	-7.316	10.812
-10.522	-8.202	9.554
-10.551	-7.707	8.434
-12.156	-7.089	11.112
-12.903	-8.288	11.598
-13.419	-8.115	12.991
-14.109	-9.347	13.495
-13.154	-10.353	13.993
-10.281	-9.453	9.791
-10.098	-10.482	8.759
-11.311	-11.426	8.794
-11.913	-11.617	9.844
-8.813	-11.269	9.02
-7.935	-11.638	7.859
-7.361	-10.421	7.19
-6.818	-12.544	8.296
-11.721	-12.019	7.659
-12.927	-12.909	7.65
-12.647	-14.309	8.149
-11.486	-14.771	8.161
-13.336	-12.898	6.15
-12.035	-12.727	5.419
-11.199	-11.771	6.262
-13.705	-15.022	8.504
-13.636	-16.347	9.079
-13.246	-17.439	8.119
-12.75	-18.414	8.47
-14.934	-16.676	9.773
-14.82	-16.478	11.292
-14.09	-15.54	11.708
-15.437	-17.254	12.025
-13.604	-17.211	6.896
-13.34	-17.933	5.706
-12.151	-17.524	4.95
-12.103	-17.561	3.655
-14.635	-18.008	4.81
-15.114	-16.744	4.17
-15.63	-15.807	4.824
-15.233	-16.752	2.906
-11.068	-17.188	5.657
-9.912	-16.684	5.116
-9.036	-17.833	4.487
-8.846	-18.831	5.096
-9.064	-15.942	6.199
-7.778	-15.354	5.718
-7.751	-14.367	4.74
-6.593	-15.752	6.281
-6.568	-13.813	4.339
-5.379	-15.172	5.86
-5.401	-14.208	4.889
-8.646	-17.571	3.27
-7.816	-18.519	2.469
-6.591	-17.669	2.049
-6.566	-17.106	0.987
-8.638	-19.015	1.264
-8.014	-20.261	0.711
-9.974	-19.305	1.73
-5.657	-17.579	2.967
-4.434	-16.808	2.74
-3.316	-17.171	3.702
-3.328	-18.233	4.293
-2.352	-16.268	3.86
-1.23	-16.484	4.701
-0.833	-15.16	5.429
-1.055	-14.087	4.925
-0.003	-16.975	3.848
1.098	-18.107	4.744
-0.238	-15.324	6.597
0.224	-14.229	7.422
1.722	-14.468	7.687
2.074	-15.417	8.441
-0.581	-14.104	8.725
0.074	-13.117	9.695
-1.989	-13.694	8.443
2.58	-13.645	7.122
4.009	-13.715	7.298
4.449	-12.492	8.117
4.142	-11.356	7.757
4.764	-13.79	6.004
4.258	-14.899	5.142
6.249	-13.947	6.241
4.792	-14.886	3.694
5.155	-12.752	9.208
5.678	-11.669	10.094
7.106	-11.969	10.457
7.43	-13.166	10.786
4.825	-11.536	11.378
7.96	-10.97	10.41
9.358	-11.081	10.746
9.769	-9.882	11.582
9.122	-8.832	11.521
10.25	-11.213	9.495
10.379	-9.956	8.654
11.291	-8.931	8.852
9.608	-9.612	7.51
10.086	-8.364	7.045
8.56	-10.226	6.83
11.117	-7.966	7.883
9.552	-7.738	5.945
8.022	-9.6	5.725
8.515	-8.364	5.284
10.793	-10.067	12.358
11.323	-9.077	13.286
12.273	-8.066	12.576
13.204	-8.489	11.836
12.096	-9.788	14.429
12.665	-8.84	15.444
11.805	-8.379	16.382
13.856	-8.511	15.415
12.058	-6.813	12.838
12.85	-5.71	12.29
13.397	-4.828	13.4
13.518	-3.588	13.196
12.046	-4.88	11.292
10.96	-4.241	11.918
13.737	-5.402	14.529
14.327	-4.628	15.649
15.651	-4.001	15.243
16.098	-3.073	15.891
14.522	-5.548	16.863
14.554	-4.781	18.164
15.272	-5.34	19.171
13.955	-3.716	18.289
16.241	-4.5	14.18
17.521	-3.977	13.66
17.338	-2.825	12.672
18.294	-2.184	12.335
18.327	-5.075	13.045
17.534	-6.017	12.198
16.969	-7.067	12.808
17.431	-5.845	10.947
16.098	-2.55	12.222
15.815	-1.535	11.284
14.957	-0.396	11.84
15.388	0.705	11.838
15.195	-2.083	10.012
15.936	-3.141	9.246
15.126	-3.585	8.02
17.29	-2.656	8.813
13.756	-0.705	12.265
12.782	0.25	12.785
12.932	0.527	14.266
12.026	0.393	15.062
11.34	-0.158	12.425
11.165	-0.441	10.962
11.868	0.178	10.142
10.31	-1.304	10.621
14.145	0.986	14.637
14.435	1.326	15.981
15.602	2.339	16.035
16.727	1.99	15.656
14.8	0.063	16.802
14.529	0.267	18.207
15.303	3.527	16.481
16.331	4.558	16.715
16.919	4.322	18.118
16.232	3.688	18.961
15.699	5.969	16.655
15.385	6.478	15.263
15.468	8.003	15.249
14.147	8.638	14.983
14.23	9.579	13.827
18.108	4.793	18.351
18.797	4.646	19.616
17.938	5.095	20.758
17.745	4.342	21.773
20.163	5.276	19.6
20.149	6.735	19.193
20.945	5.067	20.861
17.362	6.256	20.668
16.496	6.812	21.695
15.033	6.383	21.609
14.33	6.397	22.592
14.583	6.011	20.393
13.25	5.552	20.145
12.667	6.021	18.839
12.841	7.212	18.448
11.944	5.134	18.121
11.284	5.494	16.875
9.746	5.623	17.215
9.083	4.578	17.379
11.508	4.462	15.785
11.088	4.979	14.407
10.311	4.228	13.715
11.499	6.079	14.022
9.303	6.815	17.303
7.931	7.16	17.643
7.078	7.574	16.391
6.072	8.229	16.614
7.927	8.335	18.641
8.5	8.019	19.952
9.881	8.154	20.207
7.711	7.587	21.008
10.424	7.863	21.424
8.275	7.289	22.268
9.621	7.436	22.441
10.19	7.144	23.679
7.496	7.186	15.2
6.889	7.497	13.952
5.632	6.631	13.614
4.766	7.148	12.88
7.898	7.461	12.774
8.912	8.52	12.877
9.915	8.295	13.717
8.821	9.573	12.254
5.537	5.429	14.142
4.416	4.538	13.868
3.316	4.752	14.846
3.565	4.88	16.068
4.897	3.092	13.824
5.844	2.817	12.669
5.397	2.744	11.383
7.201	2.658	12.904
6.277	2.499	10.322
8.082	2.414	11.85
7.604	2.34	10.575
8.485	2.098	9.524
2.051	4.818	14.345
0.9	5.054	15.14
-0.17	3.966	14.963
-0.189	3.231	13.94
0.22	6.405	14.759
1.107	7.597	14.467
0.264	8.656	13.702
1.649	8.183	15.739
-1.091	3.937	15.891
-2.21	3	15.867
-3.41	3.665	16.598
-3.212	4.523	17.45
-1.877	1.659	16.533
-1.735	1.721	18.055
-0.643	2.279	18.641
-2.729	1.185	18.864
-0.496	2.337	19.996
-2.605	1.231	20.267
-1.477	1.813	20.817
-1.335	1.869	22.193
-4.597	3.218	16.211
-5.859	3.712	16.857
-6.163	2.748	17.993
-6.039	1.482	17.732
-6.965	3.677	15.814
-8.31	4.067	16.332
-9.392	3.888	15.248
-9.088	4.655	14.067
-9.401	5.909	13.887
-10.071	6.593	14.84
-9.07	6.518	12.778
-6.523	3.241	19.172
-6.817	2.493	20.316
-8.26	2.771	20.881
-8.687	2.139	21.787
-5.792	2.502	21.437
-5.677	3.533	22.577
-6.428	3.027	23.81
-4.248	3.793	22.925
-8.987	3.743	20.233
-10.301	4.112	20.656
-11.266	4.223	19.46
-10.99	4.999	18.549
-10.245	5.466	21.431
-9.735	5.336	22.837
-10.16	4.305	23.649
-8.832	6.248	23.342
-9.704	4.186	24.925
-8.365	6.147	24.612
-8.788	5.119	25.426
-12.354	3.521	19.539
-13.396	3.517	18.619
-14.65	2.983	19.323
-14.541	2.25	20.268
-13.115	2.684	17.339
-13.921	3.116	16.105
-13.517	2.381	14.874
-14.674	1.954	14.092
-15.123	2.573	13.005
-16.173	2.118	12.373
-14.515	3.648	12.552
-15.84	3.397	18.833
-17.071	3.051	19.472
-17.88	1.886	18.842
-18.972	1.573	19.344
-17.985	4.223	19.689
-18.633	4.805	18.419
-19.361	6.095	18.757
-20.094	6.641	17.553
-19.787	8.106	17.333
-17.36	1.223	17.804
-18.025	0.107	17.172
-17.018	-0.764	16.499
-16.035	-0.278	15.925
-19.099	0.557	16.178
-18.61	1.578	15.302
-17.264	-2.11	16.529
-16.392	-3.052	15.886
-16.446	-2.92	14.378
-17.487	-2.528	13.816
-16.761	-4.471	16.31
-16.893	-4.613	17.824
-18.088	-4.831	18.312
-15.877	-4.525	18.565
-15.365	-3.244	13.711
-15.231	-3.121	12.288
-15.711	-4.312	11.501
-15.684	-5.422	11.961
-13.744	-2.887	11.913
-13.175	-1.48	12.02
-11.783	-1.43	11.378
-14.103	-0.467	11.335
-16.097	-4.034	10.279
-16.543	-5.06	9.321
-15.242	-5.543	8.589
-14.295	-4.774	8.532
-17.51	-4.435	8.286
-18.644	-3.659	8.932
-19.198	-2.569	8.004
-20.409	-1.928	8.593
-20.841	-0.708	7.819
-15.228	-6.737	8.033
-14.016	-7.229	7.394
-13.607	-6.466	6.127
-14.422	-6.276	5.256
-14.346	-8.717	7.066
-15.852	-8.74	6.966
-16.319	-7.751	8.013
-12.367	-6.097	6.068
-11.704	-5.409	5.002
-11.912	-3.926	4.923
-11.977	-3.343	3.823
-12.005	-6.062	3.6
-11.27	-7.334	3.334
-9.968	-7.509	3.718
-11.894	-8.362	2.627
-9.288	-8.695	3.426
-11.212	-9.525	2.345
-9.924	-9.689	2.741
-11.955	-3.247	6.061
-12.181	-1.823	6.115
-10.95	-1.03	6.466
-9.994	-1.565	6.988
-13.323	-1.509	7.137
-14.23	-0.348	6.748
-15.205	-0.002	7.856
-15.862	-0.913	8.362
-15.289	1.192	8.223
-11.003	0.262	6.184
-9.941	1.23	6.429
-10.55	2.495	7.035
-11.63	2.953	6.523
-9.204	1.556	5.105
-7.837	2.186	5.255
-7.003	1.949	4.014
-5.843	2.783	3.949
-5.813	3.998	3.446
-6.914	4.553	2.961
-4.674	4.689	3.429
-9.937	3.065	8.035
-10.442	4.268	8.734
-9.271	5.229	9.057
-8.171	4.756	9.415
-11.132	3.837	10.056
-12.015	4.9	10.629
-13.197	4.925	10.306
-11.522	5.718	11.429
-9.506	6.526	8.967
-8.504	7.542	9.172
-8.925	8.701	10.048
-8.143	9.617	10.261
-8.02	8.021	7.774
-7.766	6.928	6.82
-6.803	8.957	7.863
-6.519	6.059	7.078
-10.148	8.664	10.661
-10.699	9.692	11.465
-9.835	10.137	12.639
-9.183	9.314	13.293
-12.081	9.389	11.931
-12.757	10.557	12.351
-9.888	11.451	12.97
-9.116	12.087	13.961
-9.891	12.561	15.149
-9.266	13.2	16.042
-8.274	13.218	13.359
-6.878	13.238	13.958
-8.121	13.138	11.953
-11.17	12.267	15.287
-12.003	12.732	16.356
-11.581	12.231	17.746
-11.382	11.069	17.957
-13.457	12.383	16.104
-14.459	13.277	16.876
-15.86	12.645	16.953
-16.217	11.921	16.035
-16.564	12.898	17.933
-11.551	13.162	18.673
-11.187	12.914	20.059
-12.237	11.987	20.719
-13.474	12.244	20.597
-11.033	14.219	20.821
-9.727	14.878	20.457
-11.12	13.997	22.325
-9.626	16.34	20.831
-11.803	10.982	21.417
-12.635	10.019	22.062
-13.043	10.429	23.454
-12.287	11.006	24.186
-11.959	8.651	22.087
-12.783	7.502	22.515
-13.644	6.872	21.655
-12.675	6.99	23.797
-14.406	5.783	22.052
-13.43	5.905	24.202
-14.29	5.309	23.325
-15.039	4.238	23.72
-14.254	10.051	23.814
-14.881	10.308	25.114
-14.897	8.975	25.866
-15.677	8.091	25.56
-16.317	10.851	24.913
-17.149	11.011	26.151
-18.49	11.706	25.832
-19.552	11.27	26.485
-18.543	12.604	25.003
-13.97	8.848	26.851
-13.847	7.626	27.637
-14.881	7.546	28.76
-15.634	6.573	28.831
-12.434	7.537	28.233
-14.919	8.547	29.628
-15.862	8.587	30.721
-17.196	9.213	30.289
-17.345	9.706	29.17
-18.147	9.178	31.205
-19.482	9.719	30.949
-19.488	11.225	30.782
-20.345	11.744	30.096
-20.453	9.313	32.086
-19.748	8.917	33.23
-18.524	11.959	31.417
-18.436	13.268	31.275
-18.089	13.714	29.862
-17.143	13.034	29.268
-17.491	14.009	32.289
-17.798	13.482	33.678
-16.134	13.668	31.917
-18.704	14.701	29.189
-18.361	14.975	27.802
-17.114	15.828	27.588
-16.782	16.679	28.386
-19.617	15.767	27.274
-20.643	15.491	28.306
-19.916	15.447	29.525
-16.485	15.577	26.487
-15.307	16.261	25.985
-15.724	16.893	24.621
-15.907	16.194	23.659
-14.112	15.295	25.775
-14.057	13.961	26.992
-15.917	18.225	24.641
-16.353	18.952	23.477
-15.167	19.445	22.686
-14.932	20.646	22.535
-17.317	20.061	23.884
-18.721	19.547	24.136
-19.26	18.785	23.156
-19.314	19.793	25.173
-14.409	18.496	22.172
-13.235	18.763	21.367
-11.987	19.145	22.151
-10.993	19.495	21.543
-12.026	19.089	23.509
-10.928	19.429	24.353
-10.459	18.201	25.081
-11.275	17.475	25.67
-11.2	20.587	25.313
-9.936	21.214	25.775
-12.11	21.613	24.654
-9.146	17.994	25.057
-8.465	16.895	25.667
-8.161	17.17	27.137
-8.316	18.284	27.616
-7.208	16.5	24.924
-6.383	17.67	24.389
-5.035	17.227	23.806
-4.383	16.389	24.442
-4.658	17.743	22.748
-7.716	16.136	27.843
-7.365	16.22	29.232
-7.511	14.891	29.944
-7.033	13.856	29.431
-8.146	14.883	31.09
-8.362	13.657	31.844
-9.668	12.995	31.38
-10.725	13.682	31.334
-8.452	13.984	33.37
-7.11	14.167	34.019
-6.389	13.035	34.489
-6.566	15.394	34.183
-5.15	13.211	35.1
-5.327	15.559	34.793
-4.636	14.489	35.241
-9.587	11.729	31.081
-10.689	10.908	30.566
-11.141	11.437	29.143
-12.199	10.983	28.67
-11.874	10.857	31.508
-11.87	9.662	32.415
-12.574	9.778	33.539
-11.265	8.644	32.121
-10.4	12.302	28.568
-10.64	12.875	27.249
-9.314	12.69	26.489
-8.395	13.521	26.623
-11.078	14.291	27.323
-12.596	14.549	28.264
-9.186	11.592	25.725
-8.021	11.218	25.06
-8.045	11.403	23.567
-9.097	11.38	22.944
-7.673	9.734	25.36
-7.538	9.437	26.816
-6.697	10.158	27.605
-8.279	8.393	27.405
-6.569	9.87	29
-8.16	8.116	28.73
-7.312	8.848	29.525
-7.196	8.554	30.892
-6.875	11.548	23.022
-6.662	11.656	21.552
-6.826	10.275	20.976
-6.276	9.286	21.589
-5.246	12.188	21.329
-4.963	12.691	19.97
-3.967	12.082	19.184
-5.628	13.76	19.454
-3.688	12.546	17.912
-5.361	14.242	18.172
-4.364	13.608	17.398
-7.549	10.074	19.883
-7.755	8.701	19.339
-6.53	7.993	18.844
-6.584	6.74	18.735
-8.767	8.942	18.191
-8.38	10.304	17.678
-7.963	11.105	18.891
-5.448	8.658	18.545
-4.246	8.023	18.092
-3.201	7.974	19.222
-3.2	8.784	20.131
-3.617	8.749	16.872
-4.478	8.911	15.651
-3.63	9.37	14.458
-5.204	7.602	15.31
-2.301	6.983	19.105
-1.245	6.769	20.073
0.033	6.382	19.306
-0.076	5.831	18.192
-1.617	5.644	21.072
-0.51	5.26	22.1
-0.299	6.34	23.159
-0.997	6.203	24.288
0.456	7.271	22.959
1.152	6.676	19.887
2.432	6.442	19.359
3.12	5.176	20.025
2.983	4.959	21.206
3.373	7.625	19.521
4.291	7.689	18.451
3.83	4.447	19.206
4.543	3.258	19.624
5.958	3.616	20.05
6.648	4.379	19.327
4.635	2.237	18.442
3.464	1.332	18.241
2.848	0.699	19.268
2.979	1.093	16.938
1.758	-0.157	19.06
1.903	0.25	16.727
1.311	-0.365	17.802
0.223	-1.214	17.576
6.413	3.089	21.149
7.758	3.338	21.604
8.656	2.072	21.285
8.411	1.007	21.889
9.575	2.206	20.394
10.372	1.146	19.901
11.853	1.313	20.175
12.623	1.788	19.363
10.128	0.979	18.362
8.834	0.438	17.987
8.246	-0.576	18.688
8.164	0.928	16.834
6.999	-1.108	18.287
6.962	0.427	16.44
6.365	-0.592	17.154
12.275	0.761	21.311
13.681	0.789	21.728
14.26	-0.66	21.628
13.511	-1.638	21.727
13.783	1.267	23.2
13.534	2.728	23.389
12.955	3.049	24.743
13.373	4.176	25.326
12.141	2.303	25.275
15.583	-0.799	21.428
16.175	-2.126	21.348
16.266	-2.848	22.675
16.435	-4.1	22.675
17.587	-1.874	20.767
17.868	-0.425	21.065
16.517	0.278	20.977
16.15	-2.15	23.794
16.238	-2.735	25.109
14.969	-3.425	25.571
15.001	-4.104	26.626
16.621	-1.655	26.149
17.918	-0.986	25.756
15.584	-0.664	26.207
13.873	-3.284	24.855
12.636	-3.879	25.244
12.619	-5.411	24.961
13.399	-5.924	24.147
11.451	-3.25	24.492
11.23	-1.814	24.846
11.085	-1.531	26.131
11.183	-0.939	23.95
11.725	-6.08	25.619
11.559	-7.507	25.453
10.808	-7.821	24.124
10.247	-6.968	23.499
10.851	-9.099	23.792
10.244	-9.611	22.562
8.829	-9.067	22.367
8.454	-8.839	21.187
10.351	-11.09	22.495
9.588	-11.677	21.296
11.774	-11.532	22.467
8.091	-8.885	23.427
6.707	-8.438	23.456
6.493	-7.035	22.962
5.369	-6.667	22.54
7.542	-6.171	23.039
7.431	-4.767	22.675
8.411	-4.338	21.581
8.94	-3.195	21.621
7.602	-3.902	23.923
6.506	-4.045	24.959
5.334	-3.287	24.879
6.632	-4.942	26.029
4.346	-3.417	25.802
5.657	-5.084	26.957
4.488	-4.313	26.852
3.492	-4.445	27.787
8.678	-5.195	20.561
9.558	-4.872	19.559
8.843	-4.602	18.186
7.658	-5.068	18.068
10.632	-5.981	19.309
11.557	-6.165	20.489
12.497	-7.327	20.326
13.203	-7.683	21.414
12.607	-7.924	19.221
9.462	-3.937	17.227
8.755	-3.709	15.902
8.773	-4.965	15.03
9.741	-5.76	15.039
9.584	-2.588	15.288
10.915	-2.713	15.934
10.674	-3.159	17.254
7.692	-5.14	14.277
7.511	-6.306	13.395
6.788	-5.894	12.112
5.715	-5.218	12.18
6.651	-7.397	14.123
7.394	-8.264	15.07
7.566	-7.914	16.397
7.934	-9.49	14.64
8.264	-8.764	17.28
8.607	-10.315	15.482
8.784	-9.979	16.787
9.455	-10.807	17.611
7.306	-6.327	10.966
6.684	-6.081	9.67
5.87	-7.297	9.266
6.517	-8.427	9.255
7.788	-5.756	8.62
8.743	-4.63	9.002
9.732	-4.286	7.885
10.113	-2.899	7.9
10.681	-2.239	6.934
10.984	-2.846	5.761
10.974	-0.946	7.086
4.636	-7.157	8.956
3.68	-8.037	8.714
3.06	-7.843	7.234
2.738	-6.719	6.871
2.506	-8.094	9.669
1.503	-9.211	9.413
2.938	-8.126	11.104
3.102	-8.903	6.426
2.517	-9.059	5.151
1.355	-10.093	5.297
1.538	-11.142	5.857
3.5	-9.525	4.051
2.884	-9.639	2.657
4.707	-8.579	3.992
0.191	-9.774	4.661
-0.929	-10.616	4.624
-1.232	-10.925	3.117
-1.561	-9.995	2.346
-2.209	-10.039	5.233
-3.382	-11.061	5.142
-1.998	-9.622	6.671
-1.206	-12.18	2.764
-1.586	-12.629	1.408
-3.007	-13.174	1.479
-3.39	-13.779	2.488
-0.642	-13.724	0.916
0.835	-13.331	0.861
1.676	-14.544	0.448
1.047	-12.158	-0.112
-3.803	-12.95	0.414
-5.194	-13.392	0.371
-5.524	-13.942	-0.988
-5.559	-13.206	-1.965
-6.15	-12.236	0.728
-5.649	-11.473	1.781
-5.811	-15.26	-1.046
-6.19	-15.937	-2.247
-7.704	-16.121	-2.242
-8.264	-16.648	-1.261
-5.503	-17.334	-2.344
-4.061	-17.339	-2.057
-3.139	-17.155	-3.05
-3.595	-17.561	-0.771
-1.755	-17.171	-2.769
-2.253	-17.576	-0.498
-1.345	-17.386	-1.479
-8.323	-15.697	-3.298
-9.795	-15.817	-3.492
-10.039	-16.473	-4.877
-9.257	-16.259	-5.811
-10.51	-14.511	-3.384
-10.04	-13.415	-4.306
-10.936	-12.164	-4.24
-10.876	-11.338	-5.174
-11.699	-12.038	-3.238
-11.11	-17.27	-4.962
-11.468	-17.932	-6.153
-12.999	-17.878	-6.346
-13.734	-18.557	-5.671
-10.984	-19.377	-6.18
-11.264	-20.213	-7.455
-9.97	-20.73	-8.026
-12.208	-21.372	-7.176
-13.39	-17.099	-7.365
-14.745	-16.976	-7.787
-14.821	-17.786	-9.135
-13.841	-18.439	-9.491
-15.145	-15.522	-7.972
-16.611	-15.159	-8.035
-17.351	-15.626	-6.779
-16.787	-13.679	-8.245
-15.924	-17.728	-9.819
-16.103	-18.432	-11.043
-15.601	-17.644	-12.274
-16.007	-17.932	-13.402
-17.587	-18.826	-11.246
-17.963	-20.118	-10.533
-18.65	-21.205	-10.97
-17.61	-20.376	-9.244
-18.058	-21.563	-8.892
-18.696	-22.09	-9.923
-14.744	-16.685	-12.036
-14.152	-15.837	-13.02
-12.787	-16.337	-13.428
-12.239	-17.275	-12.812
-14.075	-14.398	-12.468
-12.163	-15.775	-14.479
-10.871	-16.216	-14.932
-9.793	-16.237	-13.835
-9.581	-15.25	-13.149
-10.493	-15.254	-16.054
-11.558	-14.181	-16.068
-12.799	-14.9	-15.545
-9.121	-17.359	-13.74
-8.032	-17.569	-12.8
-6.737	-17.144	-13.538
-6.511	-17.6	-14.675
-7.946	-19.051	-12.388
-5.93	-16.311	-12.924
-4.806	-15.745	-13.497
-3.479	-15.816	-12.75
-2.482	-15.16	-13.246
-5.07	-14.298	-13.963
-5.48	-13.42	-12.782
-3.947	-13.725	-14.609
-3.354	-16.544	-11.714
-2.123	-16.728	-10.94
-1.893	-18.206	-10.652
-2.473	-18.791	-9.725
-2.094	-15.85	-9.687
-3.262	-16.072	-8.764
-0.769	-16.048	-8.937
-1.015	-18.828	-11.443
-0.669	-20.254	-11.366
0.813	-20.436	-11.105
1.452	-19.361	-10.74
-1.112	-20.959	-12.705
-2.564	-20.462	-13.549
1.299	-21.601	-11.066
2.634	-21.966	-10.928
2.973	-23.275	-11.476
2.375	-23.753	-12.495
2.298	-24.957	-12.253
3.146	-25.582	-11.306
3.161	-27.129	-11.365
2.609	-27.618	-12.41
2.764	-25.039	-9.988
1.553	-24.232	-10.163
1.062	-24.429	-11.53
3.238	-26.429	-11.211
3.486	-27.831	-10.732
4.92	-28.228	-10.741
5.573	-28.236	-11.805
2.474	-28.845	-11.167
2.491	-30.165	-10.376
1.371	-31.088	-10.612
1.382	-32.238	-9.673
0.545	-33.36	-10.127
5.464	-28.557	-9.618
6.731	-28.897	-9.259
7.268	-30.178	-9.773
6.607	-31.125	-9.855
7.035	-28.719	-7.849
7.344	-27.281	-7.399
8.479	-27.303	-6.34
8.045	-26.683	-5.025
8.472	-27.51	-3.855
8.456	-29.997	-9.981
9.171	-31.031	-10.518
10.261	-31.617	-9.577
10.753	-30.868	-8.714
9.83	-30.585	-11.805
10.842	-29.611	-11.569
10.56	-32.837	-9.769
11.466	-33.641	-9.097
12.532	-34.194	-10.096
12.365	-33.933	-11.33
10.842	-34.891	-8.421
9.798	-34.473	-7.462
10.23	-35.743	-9.447
13.524	-34.906	-9.637
14.598	-35.409	-10.479
14.372	-36.853	-10.889
13.703	-37.57	-10.194
15.935	-35.24	-9.82
17.083	-35.458	-10.732
18.093	-36.206	-10.245
17.109	-34.996	-11.83
14.963	-37.279	-11.99
14.811	-38.559	-12.547
15.863	-39.624	-12.129
17.031	-39.275	-11.959
14.828	-38.457	-14.086
14.006	-39.441	-14.881
12.978	-38.638	-15.73
14.899	-40.247	-15.843
15.427	-40.796	-12.088
16.235	-42.006	-11.805
15.837	-43.041	-13.171
14.815	-43.092	-13.539
15.917	-42.694	-10.624
16.576	-44.213	-10.403
16.487	-41.856	-9.457
16.924	-43.722	-13.564
16.804	-44.648	-14.68
17.228	-46.117	-14.297
17.985	-46.311	-13.348
17.674	-44.169	-15.827
16.929	-43.491	-16.896
17.76	-43.265	-18.146
17.166	-42.153	-18.956
17.975	-40.906	-18.908
16.747	-46.994	-15.084
16.963	-48.422	-15.041
16.579	-49.101	-13.712
17.39	-49.838	-13.136
18.327	-48.765	-15.487
18.496	-48.698	-16.959
19.395	-47.823	-17.405
17.863	-49.42	-17.735
15.375	-48.872	-13.253
14.768	-49.379	-12.05
13.26	-49.235	-12.09
12.757	-48.301	-12.712
15.338	-48.686	-10.811
15.456	-49.557	-9.593
16.457	-49.017	-8.589
15.851	-48.002	-7.709
16.759	-47.632	-6.587
12.497	-50.18	-11.416
11.082	-50.195	-11.389
10.564	-49.058	-10.411
10.803	-49.115	-9.235
10.535	-51.518	-10.999
8.732	-51.734	-11.094
9.933	-48.048	-11.029
9.373	-46.837	-10.41
7.926	-46.485	-10.855
7.443	-46.926	-11.874
10.241	-45.575	-10.834
11.527	-45.55	-10.156
10.366	-45.536	-12.327
7.381	-45.592	-10.059
6.029	-44.949	-10.198
6.362	-43.555	-10.795
7.44	-42.998	-10.397
5.333	-44.912	-8.906
4.001	-44.354	-8.823
3.055	-45.1	-8.24
3.703	-43.205	-9.203
5.575	-43.017	-11.644
5.949	-41.742	-12.278
4.811	-40.848	-12.699
3.638	-41.147	-12.472
6.809	-42.058	-13.523
6.166	-42.995	-14.452
5.074	-42.562	-15.291
6.551	-44.323	-14.551
4.475	-43.449	-16.153
5.926	-45.171	-15.422
4.888	-44.716	-16.216
5.192	-39.7	-13.306
4.279	-38.668	-13.822
5.04	-37.733	-14.819
5.937	-37.067	-14.376
3.665	-37.857	-12.712
2.553	-36.947	-13.167
1.614	-36.756	-12.304
2.572	-36.422	-14.305
4.661	-37.774	-16.07
5.237	-36.983	-17.099
4.12	-36.217	-17.805
3.391	-36.851	-18.618
6.017	-37.756	-18.1
7.118	-38.616	-17.678
6.93	-39.891	-17.37
8.432	-38.117	-17.682
7.945	-40.71	-17.012
9.491	-38.898	-17.326
9.266	-40.227	-16.981
4.004	-34.967	-17.541
3.062	-34.041	-18.079
1.604	-34.413	-17.761
0.708	-34.226	-18.599
3.237	-33.773	-19.523
4.493	-33.045	-19.881
4.976	-33.292	-21.064
5.025	-32.274	-19.117
1.378	-34.95	-16.632
0.079	-35.39	-16.139
-0.271	-36.814	-16.438
-1.494	-37.14	-16.438
0.688	-37.713	-16.681
0.431	-39.122	-17.042
1.132	-40.066	-16.168
2.312	-40.299	-16.292
0.78	-39.365	-18.52
0.288	-40.571	-19.197
-1.228	-40.716	-19.163
0.756	-40.528	-20.662
0.37	-40.683	-15.218
0.926	-41.556	-14.294
0.835	-42.996	-14.618
0.042	-43.444	-15.447
0.156	-41.354	-12.919
0.378	-39.979	-12.443
-1.283	-41.563	-13.162
1.671	-43.805	-13.879
1.708	-45.205	-14.036
2.905	-45.83	-13.282
3.504	-45.148	-12.433
3.04	-47.149	-13.78
4.137	-47.783	-13.119
4.967	-48.651	-14.255
4.264	-49.207	-15.03
3.642	-48.847	-12.047
4.796	-49.473	-11.35
2.841	-48.162	-11.102
6.164	-48.585	-14.105
7.139	-49.299	-14.961
8.526	-48.661	-14.953
8.774	-47.487	-14.563
9.381	-49.52	-15.457
10.833	-49.338	-15.494
11.094	-48.393	-16.826
10.659	-48.854	-17.867
11.613	-50.573	-15.645
13.109	-50.263	-15.676
11.41	-51.583	-14.609
11.645	-47.285	-16.611
11.964	-46.307	-17.716
13.402	-46.644	-18.052
14.321	-45.903	-17.691
11.817	-44.906	-17.254
10.518	-44.435	-16.639
10.764	-43.169	-15.807
9.465	-44.134	-17.719
12.068	-48.007	-20.7
10.718	-47.828	-20.871
10.449	-47.557	-22.343
11.246	-48.04	-23.204
10.255	-46.686	-19.996
10.377	-47.018	-18.525
11.175	-45.558	-20.279
9.371	-46.834	-22.816
9.102	-46.431	-24.076
10.141	-45.342	-24.455
10.346	-44.412	-23.706
7.726	-45.95	-24.417
6.769	-45.63	-23.343
5.907	-44.421	-23.646
6.346	-43.318	-23.364
4.793	-44.564	-24.171
10.803	-45.521	-25.568
11.775	-44.634	-26.057
11.323	-43.719	-27.221
10.601	-44.177	-28.145
12.992	-45.374	-26.573
12.653	-46.54	-27.18
11.736	-42.484	-27.194
11.54	-41.54	-28.09
12.643	-41.576	-29.219
12.558	-40.853	-30.209
11.256	-40.197	-27.606
12.36	-39.534	-26.911
12.666	-38.269	-27.284
12.942	-40.086	-26.01
13.592	-42.412	-29.035
14.697	-42.619	-30.017
14.194	-43.639	-31.129
13.697	-44.744	-30.667
15.927	-43.243	-29.32
16.391	-42.516	-28.129
17.695	-43.123	-27.533
17.869	-42.64	-26.128
19.074	-43.206	-25.486
14.388	-43.266	-32.319
14.11	-44.097	-33.416
15.406	-44.607	-34.025
16.21	-43.798	-34.524
13.249	-43.431	-34.472
12.535	-44.404	-35.381
12.4	-43.839	-36.812
12.536	-44.973	-37.875
12.536	-44.388	-39.312
15.625	-45.86	-33.903
16.849	-46.459	-34.347
16.794	-46.564	-35.88
16.452	-47.576	-36.402
17.071	-47.838	-33.778
18.124	-47.965	-32.719
18.229	-47.077	-31.643
19.018	-48.995	-32.811
19.227	-47.247	-30.697
20.007	-49.176	-31.885
20.131	-48.307	-30.812
20.194	-48.397	-35.031
19.141	-48.297	-33.987
19.843	-48.739	-32.654
20.856	-49.43	-32.721
17.966	-49.217	-34.371
17.01	-48.628	-35.447
16.464	-49.733	-36.289
15.836	-47.837	-34.752
19.324	-48.379	-31.48
19.855	-48.733	-30.167
19.487	-50.194	-29.735
20.218	-50.765	-28.903
19.262	-47.716	-29.248
18.671	-46.671	-30.133
18.295	-47.371	-31.4
18.414	-50.724	-30.284
17.956	-52.054	-29.993
18.691	-53.091	-30.692
18.769	-54.248	-30.258
16.491	-52.186	-30.108
15.917	-52.225	-31.443
15.815	-53.425	-32.167
15.387	-51.097	-32.041
15.266	-53.457	-33.389
14.838	-51.165	-33.283
14.774	-52.315	-33.946
19.331	-52.736	-31.838
20.184	-53.667	-32.611
21.541	-53.833	-31.845
22.05	-52.851	-31.325
20.474	-53.092	-34.027
19.232	-53.056	-34.825
19.4	-52.376	-36.16
18.976	-53.039	-37.199
19.937	-51.265	-36.215
22.023	-55.007	-31.823
23.217	-55.335	-31.122
24.401	-55.817	-31.993
25.551	-55.61	-31.563
22.91	-56.386	-30.002
23.978	-56.696	-29.069
24.568	-55.56	-28.349
25.756	-55.834	-27.811
24.039	-54.451	-28.234
24.14	-56.389	-33.122
25.141	-56.933	-34.004
25.135	-56.321	-35.367
24.145	-55.736	-35.771
24.983	-58.442	-34.109
25.177	-59.179	-32.775
24.149	-59.825	-32.164
26.412	-59.155	-32.131
24.329	-60.46	-30.97
26.574	-59.803	-30.924
25.497	-60.461	-30.352
26.199	-56.442	-36.055
26.416	-55.946	-37.379
26.403	-57.112	-38.358
26.885	-58.21	-38.008
25.734	-51.093	-35.345
26.313	-52.284	-34.817
27.35	-52.866	-35.797
27.013	-53.62	-36.667
13.331	-52.513	-9.53
12.832	-50.502	-5.376
14.077	-51.179	-5.999
13.743	-51.495	-8.449
13.708	-51.961	-7.183
14.079	-50.349	-8.752
14.759	-52.068	-4.945
15.942	-52.782	-5.484
15.17	-51.264	-3.691
16.191	-50.311	-4.063
13.949	-50.528	-3.103
13.27	-49.748	-4.175
14.267	-49.585	-1.944
13.003	-49.022	-1.43
15.669	-45.079	5.061
11.469	-47.787	-0.079
10.81	-48.474	0.73
10.994	-46.851	-0.773
12.983	-48.159	-0.289
13.867	-46.908	-0.571
14.06	-46.054	0.688
15.011	-45.019	0.384
14.596	-46.913	1.853
15.792	-46.035	3.861
14.703	-46.099	3.07
16.823	-46.682	3.667
13.653	-48.117	2.096
13.52	-48.846	0.861
14.062	-49.106	3.217
15.372	-49.616	2.917
13.127	-50.318	3.426
11.786	-49.82	3.593
13.452	-51.156	4.672
12.675	-52.362	4.645
28.571	-52.478	-35.591
29.779	-52.933	-36.379
30.385	-54.287	-35.858
31.596	-54.422	-35.93
30.827	-51.778	-36.35
31.722	-51.584	-37.52
30.996	-51.546	-38.89
32.462	-50.304	-37.377
15.872	-54.233	-5.245
17.117	-54.948	-5.798
17.132	-54.781	-7.226
17.023	-56.456	-5.479
18.232	-57.174	-5.961
16.813	-56.744	-3.979
17.986	-56.343	-3.247
15.585	-55.957	-3.462
15.786	-54.529	-3.795
15.295	-56.076	-1.961
14.054	-55.409	-1.687
31.577	-54.382	-36.751
31.697	-55.715	-37.32
31.599	-55.706	-38.823
30.965	-54.846	-39.435
30.655	-56.552	-36.703
29.977	-55.765	-35.681
30.871	-54.581	-35.419
18.024	-61.673	-12.588
17.217	-59.415	-5.993
16.015	-59.617	-6.29
17.828	-59.985	-5.062
18	-58.312	-6.804
19.4	-58.814	-7.228
19.284	-59.889	-8.325
20.61	-60.236	-8.754
18.473	-59.375	-9.533
18.412	-60.403	-11.808
18.232	-60.474	-10.476
18.841	-59.405	-12.393
17.116	-58.787	-9.084
17.345	-57.869	-8.007
16.264	-58.057	-10.15
17.093	-57.063	-10.788
15.003	-57.321	-9.634
14.231	-58.263	-8.861
14.083	-56.782	-10.739
13.091	-55.938	-10.147
32.233	-56.685	-39.432
32.256	-56.92	-40.907
31.1	-57.855	-41.388
30.918	-58.089	-42.554
33.624	-57.49	-41.293
34.008	-58.863	-40.691
34.374	-58.794	-39.203
34.957	-57.8	-38.795
34.048	-59.766	-38.481
8.313	-22.857	-20.149
12.649	-23.252	-18.191
12.09	-22.564	-19.453
9.673	-22.172	-19.923
10.71	-23	-19.707
9.767	-20.942	-19.964
12.987	-22.845	-20.673
12.484	-22.115	-21.804
14.423	-22.381	-20.373
15.289	-22.661	-21.533
14.989	-23.078	-19.128
14.055	-22.825	-18.002
16.379	-22.563	-18.728
16.831	-23.275	-17.568
30.354	-58.343	-40.437
29.166	-59.249	-40.622
27.799	-58.463	-40.643
27.287	-58.127	-39.609
29.144	-60.321	-39.465
29.201	-61.716	-40.037
30.23	-60.166	-38.599
19.755	-24.253	-22.088
15.887	-21.452	-22.127
16.94	-21.85	-23.178
18.843	-23.466	-23.046
18.037	-22.542	-22.486
18.862	-23.704	-24.248
17.441	-20.61	-23.958
18.258	-21.032	-25.067
16.253	-19.822	-24.532
16.737	-18.63	-25.259
15.293	-19.382	-23.419
14.844	-20.616	-22.756
14.054	-18.623	-23.905
13.259	-18.263	-22.768
30.677	-59.986	-36.594
31.491	-60.489	-37.693
32.227	-61.807	-37.322
31.797	-62.876	-37.631
33.345	-61.646	-36.641
34.213	-62.664	-36.198
34.117	-63.149	-34.718
34.248	-62.428	-33.841
16.246	-18.574	-26.643
16.508	-17.196	-27.265
17.917	-16.908	-27.213
16.024	-17.188	-28.729
16.367	-15.891	-29.344
16.612	-18.349	-29.558
15.946	-18.368	-30.832
16.367	-19.704	-28.862
16.888	-19.602	-27.484
17.044	-20.913	-29.508
16.725	-22.095	-28.693
33.891	-64.504	-34.623
33.847	-65.299	-33.72
32.519	-65.46	-32.78
31.98	-64.491	-32.319
35.135	-65.575	-32.89
35.144	-65.551	-31.374
35.103	-64.431	-30.588
35.184	-66.679	-30.566
35.166	-66.234	-29.289
35.12	-64.89	-29.266
17.096	-23.394	-29.256
16.432	-24.478	-28.381
16.314	-25.668	-29.177
17.231	-24.79	-27.097
16.573	-25.887	-26.348
18.689	-25.114	-27.446
19.422	-25.499	-26.279
19.299	-23.835	-28.057
18.571	-23.579	-29.327
20.798	-23.825	-28.36
21.173	-25.076	-29.026
22.598	-25.204	-29.369
22.772	-26.51	-30.154
24.1	-26.486	-30.713
22.6	-27.736	-29.237
22.861	-28.932	-29.995
23.512	-27.687	-27.997
23.113	-28.747	-27.11
23.367	-26.355	-27.225
23.478	-25.219	-28.172
24.433	-26.164	-26.137
24.118	-24.991	-25.379
32.183	-66.746	-32.573
31.297	-67.325	-31.818
32.098	-68.401	-31.091
32.726	-69.157	-31.783
29.992	-67.878	-32.454
28.93	-68.077	-31.352
28.188	-67.151	-30.852
28.682	-69.301	-30.755
27.703	-69.059	-29.845
27.377	-67.728	-29.89
16.063	-25.5	-25.017
15.526	-26.739	-24.288
15.341	-26.349	-22.912
14.188	-27.222	-24.886
13.678	-28.305	-24.092
13.138	-26.096	-24.98
12.031	-26.588	-25.754
13.695	-24.849	-25.7
14.995	-24.471	-25.097
12.773	-23.624	-25.616
13.326	-22.571	-26.418
32.065	-68.387	-29.796
32.783	-69.232	-28.837
33.034	-70.632	-29.107
32.094	-71.512	-29.253
32.908	-68.7	-27.556
32.101	-69.221	-26.416
30.776	-69.357	-26.333
32.667	-69.696	-25.192
31.606	-70.092	-24.444
30.463	-69.892	-25.123
15.225	-15.12	-29.864
15.758	-13.854	-30.559
14.655	-13.313	-31.314
16.266	-12.813	-29.538
16.628	-11.604	-30.24
15.236	-12.496	-28.442
15.882	-11.693	-27.44
14.735	-13.782	-27.754
14.272	-14.737	-28.795
13.572	-13.565	-26.776
13.319	-14.797	-26.086
34.208	-71.014	-29.199
34.761	-72.316	-29.447
34.521	-73.392	-28.543
33.657	-74.348	-28.796
36.287	-72.172	-29.905
36.503	-71.43	-31.18
37.127	-71.909	-32.302
36.102	-70.114	-31.448
36.496	-69.865	-32.701
37.108	-70.934	-33.21
11.317	-12.885	-3.843
14.274	-10.566	-0.899
14.461	-11.46	-2.141
12.656	-12.136	-3.721
13.199	-12.126	-2.493
13.167	-11.595	-4.706
15.581	-12.491	-1.903
15.79	-13.243	-3.11
16.885	-11.759	-1.54
17.96	-12.744	-1.299
16.704	-10.883	-0.29
15.572	-9.953	-0.551
17.948	-10.051	0.047
17.69	-9.278	1.227
35.193	-73.407	-27.423
35.135	-74.361	-26.356
35.411	-73.603	-25.062
35.615	-72.379	-25.069
36.132	-75.488	-26.585
37.514	-75.015	-26.947
38.608	-75.076	-26.14
37.897	-74.477	-28.168
39.165	-74.201	-28.092
39.666	-74.527	-26.915
21.513	-13.138	1.864
19.097	-12.608	-2.223
20.257	-13.514	-1.764
21.322	-13.788	0.482
20.735	-13.026	-0.462
21.689	-14.938	0.285
21.387	-13.548	-2.821
22.346	-14.56	-2.466
20.821	-13.909	-4.201
21.899	-13.921	-5.208
19.737	-12.911	-4.631
18.693	-12.975	-3.593
19.081	-13.22	-5.984
18.107	-12.207	-6.266
35.362	-74.33	-23.934
35.573	-73.763	-22.62
37.078	-73.96	-22.009
38.068	-73.92	-22.715
34.527	-74.028	-21.689
34.626	-75.053	-20.613
34.114	-76.297	-20.629
35.294	-74.883	-19.375
35.166	-76.03	-18.717
34.452	-76.906	-19.447
21.983	-15.194	-5.938
22.896	-15.064	-7.169
24.205	-14.637	-6.744
22.996	-16.428	-7.881
23.951	-16.321	-8.998
23.409	-17.573	-6.929
23.275	-18.816	-7.638
22.497	-17.618	-5.686
22.49	-16.276	-5.076
22.906	-18.608	-4.593
21.94	-18.483	-3.495
22.026	-19.495	-2.438
20.769	-19.339	-1.552
20.551	-20.596	-0.885
20.904	-18.216	-0.507
19.702	-18.173	0.354
22.196	-18.401	0.31
22.29	-17.419	1.35
23.373	-18.249	-0.675
23.277	-19.371	-1.638
24.793	-18.234	-0.097
24.937	-19.314	0.884
26.254	-19.414	1.521
26.242	-20.659	2.421
27.609	-20.894	2.815
25.356	-20.44	3.661
25.453	-21.594	4.515
25.731	-19.168	4.445
24.712	-18.943	5.435
25.776	-17.921	3.535
26.591	-18.215	2.33
26.386	-16.693	4.223
26.237	-15.555	3.358
18.911	-16.929	0.242
17.768	-16.945	1.266
17.251	-15.6	1.316
16.653	-17.93	0.857
15.559	-17.815	1.785
16.146	-17.694	-0.579
15.287	-18.791	-0.935
17.308	-17.658	-1.596
18.353	-16.722	-1.117
16.887	-17.199	-3.001
18.009	-17.327	-3.886
23.401	-16.634	-10.327
24.536	-16.575	-11.362
24.023	-17.189	-12.56
24.969	-15.124	-11.654
25.934	-15.12	-12.718
23.782	-14.206	-12.017
24.266	-12.854	-12.053
22.673	-14.278	-10.952
22.316	-15.699	-10.723
21.385	-13.536	-11.335
20.501	-13.532	-10.206
6.247	-2.35	-6.414
3.575	0.351	-6.342
1.56	1.52	-9.345
0.757	5.048	-8.184
