2.218	9.069	-10.884
1.737	8.433	-9.608
0.516	9.067	-8.978
-0.392	8.356	-8.553
2.905	8.319	-8.596
2.551	7.549	-7.29
3.803	7.002	-6.593
3.658	6.558	-5.324
4.88	6.929	-7.187
0.434	10.407	-8.946
-0.74	11.132	-8.518
-0.987	12.132	-9.615
-0.034	12.634	-10.229
-0.503	11.821	-7.175
-1.354	13.082	-6.909
-0.636	10.8	-6.031
-2.263	12.379	-9.926
-2.758	13.412	-10.797
-3.616	14.313	-9.941
-4.366	13.842	-9.086
-3.623	12.835	-11.944
-2.767	12.161	-13.038
-3.096	12.681	-14.437
-2.841	13.989	-14.671
-3.558	11.943	-15.306
-3.512	15.635	-10.142
-4.31	16.601	-9.428
-5.137	17.352	-10.443
-4.665	17.677	-11.534
-3.449	17.617	-8.649
-2.5	16.996	-7.612
-1.599	18.075	-7.017
-3.247	16.274	-6.491
-6.406	17.612	-10.106
-7.319	18.367	-10.94
-7.876	19.493	-10.118
-8.372	19.298	-9.008
-8.471	17.516	-11.463
-9.586	18.361	-12.125
-7.887	16.531	-12.487
-7.812	20.716	-10.656
-8.333	21.88	-9.983
-9.583	22.412	-10.649
-9.727	22.392	-11.873
-7.295	23.003	-9.984
-5.938	22.567	-9.403
-4.825	23.447	-9.935
-5.133	24.503	-10.531
-3.644	23.056	-9.776
-10.528	22.921	-9.843
-11.748	23.52	-10.341
-12.155	24.664	-9.437
-11.509	24.945	-8.427
-12.916	22.508	-10.571
-13.398	21.905	-9.371
-13.21	25.417	-9.829
-13.76	26.509	-9.027
-13.304	27.889	-9.419
-13.706	28.876	-8.809
-12.444	28.006	-10.45
-12.011	29.301	-10.962
-13	29.922	-11.911
-14.002	29.322	-12.298
-12.698	31.152	-12.357
-13.531	31.887	-13.287
-13.425	33.372	-13.07
-12.424	33.889	-12.576
-14.483	34.097	-13.466
-14.603	35.532	-13.337
-15.502	35.838	-12.165
-16.549	35.219	-11.99
-15.224	36.151	-14.612
-14.181	36.671	-15.613
-14.745	36.631	-17.039
-13.746	38.098	-15.244
-15.109	36.821	-11.34
-15.928	37.286	-10.247
-15.7	38.781	-10.127
-14.707	39.315	-10.627
-15.606	36.534	-8.954
-14.241	36.945	-8.366
-16.748	36.631	-7.923
-16.644	39.507	-9.498
-16.507	40.91	-9.166
-15.482	41.195	-8.071
-15.198	40.34	-7.227
-17.87	41.509	-8.72
-18.456	40.937	-7.395
-19.587	39.921	-7.578
-20.119	39.407	-6.441
-19.995	39.574	-8.688
-14.92	42.426	-8.018
-14.177	42.888	-6.859
-15.008	42.847	-5.573
-16.174	43.236	-5.525
-13.612	44.306	-7.082
-14.418	42.292	-4.498
-15.084	42.029	-3.231
-15.899	40.762	-3.229
-16.483	40.392	-2.213
-15.94	40.033	-4.363
-16.609	38.748	-4.477
-15.853	37.613	-3.833
-14.8	37.785	-3.218
-16.381	36.389	-3.978
-15.799	35.223	-3.354
-15.75	34.088	-4.346
-16.542	34.021	-5.283
-16.567	34.781	-2.072
-17.924	34.414	-2.338
-14.787	33.17	-4.162
-14.65	31.976	-4.969
-14.108	30.895	-4.073
-13.422	31.164	-3.091
-13.656	32.137	-6.148
-14.214	32.878	-7.375
-13.097	33.077	-8.406
-15.39	32.128	-8.016
-14.406	29.624	-4.383
-13.812	28.515	-3.677
-13.176	27.578	-4.677
-13.867	26.937	-5.473
-14.85	27.709	-2.872
-14.207	26.665	-1.936
-15.214	25.716	-1.29
-15.658	24.78	-2.377
-16.489	23.748	-2.18
-17.003	23.509	-0.979
-16.816	22.946	-3.191
-11.844	27.444	-4.635
-11.131	26.507	-5.47
-11.102	25.16	-4.782
-11.215	25.05	-3.559
-9.684	26.945	-5.794
-9.554	28.383	-6.319
-8.08	28.707	-6.591
-10.401	28.647	-7.569
-10.943	24.088	-5.559
-10.806	22.752	-5.038
-9.691	22.085	-5.806
-9.524	22.313	-7.002
-12.12	21.936	-5.167
-12.579	21.924	-6.515
-8.865	21.279	-5.12
-7.84	20.455	-5.721
-8.205	19.026	-5.397
-8.15	18.619	-4.235
-6.467	20.8	-5.091
-5.029	19.825	-5.632
-8.614	18.248	-6.415
-8.989	16.858	-6.297
-7.791	15.993	-6.645
-7.187	16.144	-7.708
-10.154	16.536	-7.261
-7.411	15.073	-5.742
-6.282	14.191	-5.918
-6.71	12.8	-6.372
-7.682	12.215	-5.898
-5.452	14.134	-4.617
-5.973	12.237	-7.343
-6.23	10.925	-7.903
-4.903	10.22	-8.027
-3.87	10.852	-8.249
-6.935	11.048	-9.287
-6.841	9.888	-10.12
-4.893	8.885	-7.858
-3.717	8.049	-7.992
-3.47	7.272	-6.737
-4.398	6.838	-6.055
-2.191	7.05	-6.411
-1.803	6.209	-5.296
-1.341	7.109	-4.16
-0.41	7.89	-4.373
-0.639	5.26	-5.665
-0.99	4.457	-6.881
-1.793	3.312	-6.78
-0.541	4.858	-8.15
-2.125	2.571	-7.921
-0.871	4.122	-9.291
-1.659	2.972	-9.177
-1.933	7.077	-2.972
-1.617	8.025	-1.921
-0.385	7.589	-1.159
0.103	6.468	-1.323
-2.849	7.943	-1.007
-3.269	6.474	-1.094
-2.936	6.101	-2.541
0.114	8.475	-0.289
1.139	8.18	0.675
0.615	8.677	2.002
-0.357	9.424	2.073
2.453	8.9	0.409
3.247	8.257	-0.736
2.137	10.353	0.045
1.232	8.23	3.102
0.773	8.495	4.448
0.881	9.933	4.942
0.004	10.445	5.637
1.535	7.547	5.382
1.23	6.059	5.078
2.004	5.12	6.003
2.875	5.623	6.756
1.73	3.896	5.945
1.98	10.63	4.61
2.226	11.981	5.075
2.554	12.834	3.873
3.479	12.526	3.116
3.372	12.037	6.118
3.548	13.353	6.652
1.777	13.905	3.648
1.939	14.763	2.502
1.628	16.177	2.878
1.069	16.488	3.935
1.025	14.386	1.304
-0.498	14.487	1.569
-1.363	14.002	0.405
-2.6	14.21	0.51
-0.819	13.416	-0.565
1.99	17.095	1.978
1.608	18.467	2.103
0.867	18.872	0.877
0.968	18.205	-0.155
2.815	19.373	2.447
3.902	19.529	1.403
5.174	19.517	1.875
3.629	19.774	0.227
0.092	19.95	0.96
-0.479	20.556	-0.206
-0.312	22.057	-0.074
-0.572	22.644	0.978
-1.95	20.14	-0.461
-2.429	20.558	-1.872
-4.035	21.382	-2.024
-3.544	22.798	-1.022
0.159	22.708	-1.146
0.326	24.14	-1.221
-0.379	24.682	-2.447
-0.314	24.108	-3.532
1.807	24.532	-1.315
2.656	23.844	-0.311
3.397	22.719	-0.439
2.783	24.361	0.956
3.602	23.541	1.581
4.006	22.537	0.779
-1.071	25.822	-2.307
-1.613	26.562	-3.428
-0.609	27.617	-3.828
-0.066	28.331	-2.983
-2.952	27.266	-3.109
-4.128	26.321	-2.986
-4.617	25.751	-1.853
-4.959	25.854	-4.063
-5.92	24.991	-3.491
-4.936	26.091	-5.432
-5.691	24.941	-2.142
-6.868	24.36	-4.277
-5.892	25.447	-6.226
-6.845	24.594	-5.657
-0.359	27.738	-5.136
0.488	28.738	-5.734
-0.357	29.539	-6.692
-1.448	29.131	-7.083
1.641	28.137	-6.582
2.692	27.507	-5.722
2.563	26.187	-5.274
3.841	28.232	-5.373
3.553	25.611	-4.468
4.82	27.667	-4.545
4.673	26.353	-4.09
5.645	25.752	-3.268
0.145	30.707	-7.123
-0.487	31.433	-8.194
0.534	32.149	-9.044
1.577	32.592	-8.564
-1.548	32.435	-7.671
-0.99	33.676	-6.935
-2.094	34.513	-6.279
-1.502	35.632	-5.482
-2.242	36.515	-4.777
-3.558	36.422	-4.739
-1.619	37.495	-4.13
0.253	32.268	-10.353
1.081	33.012	-11.273
0.218	33.987	-12.059
-0.598	33.601	-12.899
1.852	32.024	-12.168
3.034	32.656	-12.928
3.989	31.574	-13.432
5.181	32.007	-13.897
3.716	30.37	-13.383
0.348	35.295	-11.744
-0.312	36.408	-12.404
0.405	36.69	-13.72
1.58	36.334	-13.848
-0.355	37.672	-11.504
-0.22	37.271	-14.73
0.439	37.6	-15.992
1.685	38.467	-15.834
1.608	39.562	-15.285
-0.67	38.277	-16.819
-1.693	38.755	-15.784
-1.619	37.692	-14.702
2.848	37.982	-16.324
4.117	38.704	-16.293
4.861	38.648	-14.986
5.954	39.2	-14.893
4.32	37.959	-13.965
4.969	37.834	-12.672
5.508	36.433	-12.437
5.146	35.453	-13.091
4.067	38.265	-11.475
3.177	37.167	-10.865
2.658	37.5	-9.456
2.003	36.303	-8.764
1.111	36.758	-7.687
6.395	36.315	-11.439
6.87	35.079	-10.871
5.819	34.289	-10.09
4.9	34.819	-9.468
8.108	35.309	-9.97
8.998	36.52	-10.359
8.533	37.832	-9.717
7.517	38.394	-10.205
9.19	38.272	-8.741
5.902	32.948	-10.093
5.034	32.137	-9.262
5.241	32.368	-7.761
6.378	32.407	-7.295
5.265	30.65	-9.59
4.1	29.736	-9.175
4.302	28.263	-9.556
5.354	27.702	-8.638
6.592	27.326	-8.995
7.037	27.437	-10.242
7.403	26.804	-8.075
4.159	32.486	-6.964
4.274	32.705	-5.533
3.357	31.732	-4.832
2.332	31.319	-5.387
3.94	34.167	-5.109
2.443	34.55	-5.277
1.969	35.847	-4.609
0.933	36.358	-5.125
2.556	36.338	-3.631
3.731	31.286	-3.618
2.889	30.487	-2.749
1.783	31.339	-2.134
1.952	32.537	-1.921
3.726	29.723	-1.68
4.3	30.571	-0.553
5.39	31.397	-0.54
3.665	30.724	0.724
4.427	31.664	1.452
2.516	30.161	1.264
5.481	32.048	0.667
4.044	32.062	2.721
2.125	30.57	2.542
2.872	31.518	3.253
0.61	30.742	-1.866
-0.543	31.458	-1.354
-1.003	30.88	-0.032
-1.218	31.597	0.947
-1.681	31.332	-2.361
-2.962	32.004	-1.845
-1.248	31.98	-3.689
-1.152	29.548	0.046
-1.656	28.915	1.234
-1.137	27.5	1.285
-0.879	26.891	0.247
-3.201	28.917	1.268
-0.972	26.959	2.5
-0.357	25.676	2.716
-1.065	24.908	3.82
-1.596	25.49	4.769
1.113	25.893	3.107
-1.101	23.568	3.682
-1.778	22.652	4.579
-1.023	21.332	4.575
-0.313	20.989	3.629
-3.244	22.449	4.151
-4.163	21.629	5.087
-3.314	21.85	2.737
-4.444	22.331	6.408
-1.143	20.556	5.67
-0.628	19.204	5.772
-1.767	18.192	5.798
-2.943	18.528	5.971
0.307	19.019	7.014
1.624	19.763	6.91
2.276	19.839	5.678
2.286	20.311	8.028
3.503	20.491	5.536
3.542	20.94	7.894
4.148	21.038	6.636
5.414	21.63	6.417
-1.435	16.9	5.599
-2.356	15.767	5.603
-3.142	15.609	6.894
-4.316	15.239	6.882
-1.631	14.43	5.29
-0.445	14.264	6.073
-2.531	15.91	8.049
-3.18	15.85	9.346
-2.843	17.098	10.132
-2.014	17.919	9.732
-2.848	14.608	10.182
-3.224	13.351	9.39
-1.464	14.507	10.491
-3.538	17.305	11.271
-3.312	18.439	12.155
-4.032	19.694	11.732
-4.723	19.745	10.712
-3.893	20.739	12.572
-4.537	22.041	12.413
-3.644	23.1	11.824
-4.002	24.272	11.8
-2.428	22.728	11.377
-1.467	23.666	10.821
-1.902	24.222	9.473
-2.163	23.467	8.535
-0.057	23.03	10.663
1.005	23.985	10.119
1.658	24.985	10.78
1.394	24.098	8.737
2.317	25.163	8.654
1.013	23.396	7.598
2.462	25.688	9.913
2.889	25.519	7.442
1.592	23.758	6.376
2.52	24.801	6.298
-1.944	25.554	9.343
-2.216	26.229	8.094
-1.231	27.353	8.003
-0.693	27.824	9.008
-3.633	26.805	7.937
-4.648	25.664	8.028
-3.992	27.746	8.942
-0.955	27.821	6.784
-0.11	28.967	6.607
-0.631	29.704	5.392
-1.056	29.084	4.418
1.357	28.515	6.437
2.393	29.636	6.271
2.509	30.54	7.507
3.764	29.07	5.872
-0.646	31.051	5.435
-1.163	31.897	4.379
-0.136	32.977	4.09
0.468	33.532	5.016
-2.468	32.616	4.791
-3.526	31.625	5.143
-4.307	31.042	4.139
-3.742	31.262	6.479
-5.301	30.116	4.47
-4.74	30.34	6.811
-5.53	29.779	5.809
-6.542	28.87	6.168
0.1	33.31	2.807
0.924	34.426	2.374
0.386	35.767	2.881
-0.811	35.923	3.11
1.035	34.474	0.837
1.247	36.778	3.107
0.867	38.05	3.716
-0.242	38.816	3.011
-1.118	39.405	3.644
2.135	38.912	3.881
3.102	38.151	4.775
2.592	37.568	5.774
4.305	38.079	4.459
-0.269	38.763	1.673
-1.254	39.435	0.844
-2.656	38.823	0.909
-3.653	39.469	0.56
-0.772	39.472	-0.633
-0.596	38.148	-1.147
-2.781	37.559	1.377
-4.046	36.842	1.445
-4.464	36.515	2.87
-5.532	35.944	3.106
-4.052	35.577	0.591
-3.659	35.933	-0.856
-3.155	34.466	1.17
-3.659	36.912	3.881
-4.007	36.732	5.28
-5.317	37.417	5.652
-5.565	38.578	5.337
-2.889	37.194	6.253
-1.736	36.187	6.403
-0.779	36.555	7.554
0.386	35.573	7.775
1.327	35.586	6.652
-6.214	36.656	6.31
-7.521	37.127	6.755
-8.588	37.126	5.69
-9.754	37.379	5.983
-8.231	36.801	4.434
-9.181	36.745	3.343
-9.327	35.344	2.795
-10.387	34.971	2.287
-8.724	37.658	2.18
-8.683	39.147	2.557
-8.516	40.093	1.361
-7.203	39.788	0.668
-7.078	39.341	-0.594
-8.12	39.136	-1.393
-5.872	39.13	-1.129
-8.261	34.527	2.867
-8.25	33.21	2.266
-8.21	32.158	3.354
-7.582	32.332	4.398
-7.055	32.963	1.301
-7.116	33.667	-0.041
-7.971	34.739	-0.358
-6.221	33.236	-1.034
-7.894	35.39	-1.596
-6.149	33.871	-2.28
-6.973	34.963	-2.553
-8.9	31.033	3.102
-9.031	29.939	4.053
-8.809	28.625	3.343
-9.498	28.288	2.383
-10.392	29.892	4.736
-10.509	28.737	5.739
-10.61	31.076	5.485
-7.827	27.833	3.809
-7.477	26.534	3.272
-8.005	25.453	4.195
-7.96	25.571	5.421
-5.974	26.39	3.007
-5.645	25.124	2.192
-5.113	26.438	4.292
-4.18	25.129	1.754
-8.582	24.378	3.626
-9.265	23.371	4.411
-9.245	22.028	3.719
-9.124	21.926	2.499
-10.739	23.75	4.701
-11.481	23.949	3.493
-9.34	20.939	4.5
-9.117	19.593	4.028
-10.402	18.796	4.04
-11.269	19.02	4.886
-8.116	18.912	4.992
-7.424	17.641	4.465
-6.577	16.894	5.508
-5.688	17.866	6.224
-5.793	18.206	7.517
-4.915	19.075	8.007
-6.727	17.7	8.315
-10.535	17.833	3.115
-11.584	16.849	3.133
-10.959	15.541	2.64
-10.784	15.294	1.443
-12.756	17.354	2.263
-14.017	16.523	2.407
-13.893	15.28	2.578
-15.116	17.121	2.265
-10.559	14.649	3.576
-9.961	13.371	3.219
-10.966	12.345	2.729
-10.583	11.364	2.092
-9.16	12.758	4.39
-7.922	13.584	4.689
-7.036	13.771	3.687
-7.754	14.064	5.817
-12.273	12.561	2.951
-13.323	11.668	2.513
-13.565	11.787	1.012
-14.209	10.939	0.393
-14.609	11.989	3.299
-13.029	12.854	0.394
-13.119	13.093	-1.026
-11.798	13.114	-1.778
-11.802	13.201	-3.006
-13.782	14.474	-1.171
-15.285	14.391	-1.462
-15.987	15.664	-0.946
-17.195	16.199	-1.717
-17.876	15.09	-2.4
-10.65	13.038	-1.078
-9.332	13.328	-1.635
-9.209	14.767	-2.134
-8.641	15.03	-3.195
-8.904	12.344	-2.752
-9.001	10.928	-2.219
-9.689	10.035	-2.966
-8.475	10.613	-1.149
-9.731	15.744	-1.363
-9.904	17.104	-1.857
-9.45	18.086	-0.814
-9.687	17.933	0.382
-11.347	17.449	-2.218
-11.53	18.857	-2.808
-11.813	16.578	-3.234
-8.759	19.147	-1.248
-8.432	20.278	-0.407
-9.034	21.495	-1.073
-9.018	21.626	-2.299
-6.931	20.443	-0.247
-6.553	21.697	0.562
-6.346	19.199	0.447
-9.614	22.407	-0.278
-10.292	23.578	-0.782
-9.49	24.817	-0.458
-8.771	24.878	0.54
-11.696	23.761	-0.155
-12.56	22.566	-0.413
-13.152	22.371	-1.667
-12.795	21.627	0.603
-13.975	21.26	-1.902
-13.629	20.526	0.374
-14.22	20.34	-0.876
-15.061	19.223	-1.058
-9.614	25.847	-1.312
-9.131	27.178	-1.015
-10.302	28.122	-1.157
-10.758	28.424	-2.259
-7.996	27.614	-1.971
-7.391	29.014	-1.745
-6.844	29.197	-0.324
-6.283	29.293	-2.774
-10.828	28.622	-0.03
-11.896	29.591	-0.01
-11.261	30.952	-0.09
-10.406	31.295	0.723
-12.725	29.5	1.296
-13.953	30.437	1.376
-14.956	30.088	0.28
-15.264	31.059	-0.607
-15.44	28.955	0.208
-11.638	31.755	-1.088
-11.066	33.052	-1.313
-12.188	34.062	-1.166
-13.102	34.116	-1.989
-10.485	33.109	-2.745
-9.418	32.034	-3.038
-9.129	31.652	-4.793
-8.413	33.209	-5.363
-12.167	34.879	-0.097
-13.195	35.867	0.157
-12.625	37.247	-0.068
-11.421	37.474	0.047
-13.691	35.8	1.617
-14.386	34.467	1.847
-14.275	33.939	3.086
-15.033	33.902	0.96
-13.495	38.218	-0.41
-13.135	39.62	-0.58
-12.027	39.838	-1.591
-10.991	40.46	-1.32
-12.823	40.358	0.742
-13.941	40.27	1.627
-12.21	39.261	-2.789
-11.237	39.286	-3.859
-10.932	40.657	-4.432
-11.816	41.489	-4.629
-11.644	38.314	-4.983
-11.444	36.844	-4.584
-12.089	35.892	-5.592
-9.947	36.542	-4.466
-9.649	40.929	-4.729
-9.227	42.186	-5.308
-8.607	41.929	-6.665
-8.202	40.798	-6.933
-8.249	42.954	-4.374
-7.077	42.133	-3.818
-6.377	42.801	-2.624
-7.332	42.991	-1.445
-6.616	43.541	-0.278
-8.504	42.905	-7.571
-7.981	42.699	-8.924
-6.563	42.15	-8.961
-6.18	41.554	-9.966
-8.136	44.07	-9.607
-8.349	45.06	-8.461
-9.122	44.229	-7.448
-5.776	42.329	-7.879
-4.426	41.804	-7.743
-4.397	40.29	-7.555
-3.425	39.614	-7.899
-3.69	42.527	-6.59
-2.141	42.428	-6.665
-1.538	41.334	-5.775
-0.732	40.52	-6.3
-1.861	41.308	-4.556
-5.523	39.681	-7.12
-5.618	38.249	-6.935
-5.838	37.547	-8.294
-5.895	36.322	-8.354
-6.752	37.854	-5.926
-6.546	38.258	-4.468
-5.507	37.944	-3.826
-7.517	38.83	-3.901
-5.937	38.29	-9.429
-5.998	37.734	-10.796
-4.752	36.968	-11.196
-3.68	37.533	-11.431
-6.273	38.757	-11.906
-6.206	38.16	-13.331
-7.585	39.296	-11.778
-4.871	35.638	-11.313
-3.755	34.786	-11.62
-4.234	33.416	-12.056
-5.41	33.074	-11.924
-2.843	34.643	-10.382
-3.313	32.578	-12.566
-3.554	31.156	-12.709
-3.132	30.53	-11.394
-1.989	30.694	-10.959
-2.785	30.526	-13.863
-3.193	29.049	-14.035
-3.094	31.314	-15.148
-4.054	29.849	-10.699
-3.809	29.216	-9.42
-3.474	27.769	-9.687
-4.096	27.166	-10.556
-5.037	29.282	-8.474
-5.171	30.646	-7.865
-5.565	31.759	-8.62
-4.864	30.82	-6.51
-5.583	33.038	-8.045
-4.92	32.086	-5.921
-5.261	33.195	-6.695
-5.291	34.444	-6.04
-2.478	27.215	-8.973
-2.027	25.838	-9.097
-2.002	25.214	-7.71
-1.581	25.862	-6.749
-0.575	25.703	-9.633
-0.405	26.355	-10.969
-0.645	25.628	-12.142
0.018	27.689	-11.069
-0.465	26.225	-13.397
0.202	28.286	-12.324
-0.036	27.549	-13.489
0.155	28.138	-14.754
-2.429	23.949	-7.554
-2.23	23.183	-6.338
-1.093	22.203	-6.517
-0.944	21.561	-7.554
-3.48	22.409	-5.825
-4.103	21.084	-6.916
-0.267	22.066	-5.473
0.894	21.216	-5.494
0.927	20.358	-4.243
0.787	20.877	-3.138
2.128	22.124	-5.552
1.098	19.026	-4.385
1.117	18.058	-3.292
2.511	17.462	-3.253
3.031	17.043	-4.286
0.102	16.913	-3.451
0.208	15.86	-2.325
-1.326	17.472	-3.466
3.179	17.41	-2.079
4.567	16.982	-1.995
4.804	15.814	-1.063
4.324	15.783	0.071
5.465	18.109	-1.469
6.975	17.813	-1.417
7.705	19.03	-0.859
8.913	19.297	-1.397
7.25	19.716	0.057
5.602	14.831	-1.547
5.875	13.577	-0.861
7.327	13.169	-1.012
7.726	12.03	-0.773
4.987	12.468	-1.42
3.52	12.951	-1.31
5.316	12.077	-2.88
8.162	14.123	-1.453
9.527	13.891	-1.906
9.612	14.292	-3.35
10.6	14.866	-3.799
8.512	14.073	-4.087
8.287	14.581	-5.422
7.099	15.507	-5.325
6.298	15.392	-4.392
7.932	13.487	-6.459
9.071	12.539	-6.634
10.067	12.8	-7.588
9.154	11.373	-5.859
11.132	11.907	-7.759
10.224	10.484	-6.025
11.21	10.749	-6.981
12.278	9.852	-7.17
6.975	16.446	-6.278
5.845	17.343	-6.382
4.862	16.791	-7.39
5.19	16.525	-8.545
6.244	18.764	-6.842
7.143	19.504	-5.869
8.506	19.577	-5.811
6.641	20.361	-4.84
7.762	20.932	-4.194
5.348	20.69	-4.461
8.894	20.419	-4.789
7.589	21.847	-3.167
5.18	21.65	-3.462
6.284	22.214	-2.811
3.617	16.595	-6.945
2.481	16.313	-7.778
1.796	17.635	-7.991
1.591	18.363	-7.022
1.481	15.392	-7.054
2.144	14.141	-6.601
2.762	13.315	-7.548
2.096	13.737	-5.257
3.302	12.085	-7.168
2.607	12.487	-4.887
3.2	11.657	-5.844
3.663	10.379	-5.492
1.424	17.975	-9.234
0.963	19.3	-9.578
-0.337	19.187	-10.339
-0.662	18.132	-10.912
1.975	20.027	-10.497
3.367	20.274	-9.859
3.393	21.411	-8.837
2.458	22.252	-8.837
4.388	21.473	-8.066
-1.132	20.267	-10.344
-2.344	20.372	-11.138
-2.097	21.068	-12.443
-1.001	21.535	-12.741
-3.147	21.165	-13.283
-3.047	21.821	-14.571
-3.129	23.337	-14.512
-2.736	24.02	-15.459
-4.126	21.292	-15.558
-5.578	21.828	-15.386
-6.329	21.39	-14.124
-7.463	22.081	-13.855
-5.956	20.463	-13.397
-3.63	23.894	-13.396
-3.912	25.308	-13.253
-5.339	25.672	-13.549
-5.988	25.17	-14.469
-5.868	26.615	-12.756
-7.187	27.184	-12.949
-7.098	28.699	-12.987
-6.431	29.341	-12.174
-8.193	26.674	-11.92
-7.759	26.962	-10.479
-9.495	27.221	-12.083
-7.738	29.325	-13.996
-7.78	30.769	-14.154
-8.729	31.413	-13.158
-9.891	31.029	-13.042
-8.195	31.175	-15.596
-8.314	32.701	-15.865
-6.998	33.424	-15.581
-7.053	34.588	-14.899
-5.924	32.956	-15.958
-8.257	32.43	-12.417
-9.098	33.234	-11.555
-8.905	34.669	-11.98
-7.785	35.18	-12.009
-8.725	33.073	-10.089
-9.465	34.083	-9.192
-9.045	31.628	-9.66
-9.998	35.357	-12.35
-9.939	36.736	-12.805
-10.889	37.559	-11.981
-12.084	37.284	-11.893
-10.324	36.944	-14.265
-10.092	38.395	-14.717
-9.523	36.145	-15.123
-10.372	38.624	-11.365
-11.154	39.52	-10.548
-11.23	40.843	-11.277
-10.216	41.481	-11.568
-10.535	39.698	-9.172
-11.459	40.563	-8.296
-10.273	38.318	-8.533
-12.455	41.261	-11.655
-12.703	42.541	-12.301
-12.47	43.704	-11.344
-12.634	43.541	-10.129
-14.078	42.585	-13.039
-15.208	42.452	-12.168
-12	44.864	-11.833
-11.864	46.074	-11.043
-13.182	46.898	-10.989
-14.155	46.529	-11.703
-10.751	46.965	-11.635
-13.207	47.913	-10.24
-8.598	45.999	-12.984
-7.907	49.621	-12.068
-7.793	48.685	-8.387
-4.052	49.084	-7.853
-2.793	52.663	-8.074
-5.009	54.053	-5.317
-3.009	52.141	-2.712
-0.644	55.092	-2.339
-3.273	57.48	-0.987
-1.962	58.173	2.511
-4.897	60.33	3.592
-6.582	59.457	6.884
-9.522	61.854	6.662
-12.261	59.222	6.621
-14.024	57.602	9.573
-15.54	54.121	9.43
-17.641	53.439	12.522
-19.603	51.085	10.275
-17.739	47.929	9.27
-16.852	47.001	12.846
-17.39	48.29	16.38
-14.641	48.849	18.945
-16.925	50.036	21.74
-16.511	47.965	24.898
-19.946	48.771	26.307
