12.351	-3.848	-25.054
12.384	-4.928	-26.074
13.68	-4.888	-26.877
14.417	-5.873	-26.936
11.181	-4.759	-27.005
9.967	-5.57	-26.583
9.202	-4.944	-25.074
9.903	-6.052	-23.855
13.955	-3.742	-27.492
15.163	-3.574	-28.292
16.362	-3.252	-27.403
17.408	-3.892	-27.5
14.967	-2.462	-29.322
14.178	-2.899	-30.547
13.751	-1.709	-31.389
14.688	-1.448	-32.482
14.553	-0.452	-33.359
13.527	0.387	-33.28
15.455	-0.293	-34.318
16.199	-2.256	-26.537
17.269	-1.849	-25.631
16.777	-1.828	-24.186
15.798	-1.156	-23.861
17.801	-0.47	-26.023
18.977	-0.524	-26.985
18.982	0.669	-27.926
19.907	0.44	-29.11
21.341	0.51	-28.716
17.465	-2.57	-23.323
17.101	-2.639	-21.911
18.137	-3.427	-21.12
18.744	-4.369	-21.634
15.716	-3.279	-21.736
15.321	-4.323	-22.792
16.445	-5.326	-23.013
14.045	-5.039	-22.377
18.334	-3.041	-19.864
19.295	-3.713	-18.995
18.871	-5.153	-18.738
17.683	-5.465	-18.725
19.426	-2.963	-17.67
18.177	-2.434	-17.256
19.85	-6.028	-18.52
19.557	-7.434	-18.25
18.738	-7.553	-16.972
17.916	-8.455	-16.829
20.833	-8.286	-18.123
21.981	-7.798	-18.992
22.27	-8.452	-20.017
22.589	-6.766	-18.647
18.964	-6.627	-16.046
18.239	-6.627	-14.786
16.761	-6.371	-15.023
15.907	-6.993	-14.396
18.822	-5.579	-13.831
19.716	-6.17	-12.752
19.538	-5.488	-11.41
20.434	-4.718	-11.012
18.498	-5.724	-10.758
16.467	-5.46	-15.943
15.085	-5.135	-16.277
14.512	-6.163	-17.238
13.361	-6.578	-17.105
14.983	-3.734	-16.871
14.848	-2.62	-15.837
16.214	-2.188	-15.335
14.089	-1.443	-16.425
15.328	-6.585	-18.199
14.904	-7.585	-19.17
14.592	-8.891	-18.456
13.586	-9.545	-18.737
15.991	-7.8	-20.223
15.707	-8.909	-21.239
14.663	-8.455	-22.245
16.989	-9.325	-21.947
15.452	-9.247	-17.514
15.261	-10.458	-16.742
14.144	-10.253	-15.727
13.374	-11.17	-15.441
16.565	-10.886	-16.043
17.63	-11.161	-17.098
16.348	-12.118	-15.175
19.035	-10.981	-16.591
14.044	-9.034	-15.216
12.997	-8.695	-14.263
11.631	-8.852	-14.92
10.649	-9.156	-14.252
13.178	-7.262	-13.755
13.932	-7.173	-12.438
13.069	-7.54	-11.246
13.621	-8.053	-10.25
11.842	-7.317	-11.309
11.581	-8.663	-16.238
10.336	-8.81	-16.974
9.979	-10.283	-17.079
8.843	-10.68	-16.818
10.461	-8.194	-18.37
9.206	-7.725	-18.835
10.97	-11.093	-17.438
10.771	-12.529	-17.551
10.424	-13.113	-16.189
9.566	-13.986	-16.069
12.032	-13.201	-18.094
11.875	-14.684	-18.336
12.509	-15.61	-17.518
11.09	-15.16	-19.379
12.368	-16.968	-17.734
10.943	-16.516	-19.601
11.584	-17.417	-18.775
11.441	-18.767	-18.993
11.103	-12.612	-15.161
10.878	-13.068	-13.795
9.517	-12.59	-13.291
8.737	-13.367	-12.739
11.995	-12.556	-12.88
13.339	-13.233	-13.065
14.321	-13.101	-12.095
13.627	-13.987	-14.199
15.558	-13.7	-12.25
14.86	-14.588	-14.356
15.828	-14.445	-13.379
9.238	-11.307	-13.497
7.972	-10.723	-13.075
6.807	-11.401	-13.783
5.792	-11.723	-13.169
7.949	-9.222	-13.371
8.637	-8.378	-12.308
8.403	-6.894	-12.537
9.33	-6.342	-13.607
8.867	-5.021	-14.111
6.963	-11.606	-15.089
5.924	-12.233	-15.892
5.605	-13.64	-15.403
4.451	-14.061	-15.422
6.333	-12.258	-17.359
6.626	-14.367	-14.97
6.426	-15.724	-14.479
5.646	-15.708	-13.168
4.878	-16.624	-12.88
7.766	-16.432	-14.288
8.592	-16.497	-15.554
8.545	-15.782	-13.299
5.853	-14.66	-12.376
5.172	-14.524	-11.093
3.713	-14.112	-11.276
2.819	-14.651	-10.623
5.906	-13.505	-10.213
6.665	-14.139	-9.056
6.615	-13.297	-7.797
7.692	-12.871	-7.326
5.503	-13.063	-7.28
3.482	-13.15	-12.157
2.137	-12.655	-12.42
1.394	-13.515	-13.446
0.18	-13.397	-13.597
2.209	-11.211	-12.91
2.834	-11.054	-14.288
2.735	-9.367	-14.909
4.464	-9.021	-15.221
2.131	-14.365	-14.161
1.547	-15.229	-15.19
1.238	-14.419	-16.444
0.225	-14.635	-17.107
0.278	-15.924	-14.686
0.427	-16.459	-13.274
-0.224	-15.804	-12.321
1.118	-17.45	-13.044
2.131	-13.484	-16.758
1.981	-12.622	-17.926
1.875	-13.461	-19.2
2.331	-14.605	-19.235
3.177	-11.669	-18.017
2.919	-10.342	-18.737
3.962	-9.31	-18.33
2.916	-10.535	-20.252
1.261	-12.893	-20.241
1.08	-13.587	-21.524
2.338	-14.349	-21.954
3.458	-13.858	-21.805
0.687	-12.587	-22.612
-0.045	-13.244	-23.765
-1.147	-12.638	-24.19
0.376	-14.285	-24.269
2.137	-15.553	-22.477
3.242	-16.397	-22.92
4.086	-15.704	-23.981
5.282	-15.967	-24.103
2.709	-17.722	-23.466
3.71	-18.862	-23.384
3.028	-20.184	-23.063
2.603	-20.253	-21.667
2.082	-21.342	-21.097
1.915	-22.459	-21.796
1.723	-21.312	-19.82
3.463	-14.823	-24.753
4.174	-14.108	-25.803
5.248	-13.197	-25.217
6.345	-13.088	-25.764
3.199	-13.293	-26.656
2.543	-14.127	-27.738
1.698	-14.983	-27.397
2.87	-13.924	-28.925
4.934	-12.565	-24.093
5.885	-11.687	-23.428
6.955	-12.522	-22.752
8.144	-12.216	-22.823
5.174	-10.802	-22.402
5.896	-9.517	-22.117
6.171	-9.137	-20.811
6.303	-8.69	-23.15
6.837	-7.955	-20.546
6.969	-7.507	-22.89
7.236	-7.139	-21.585
6.518	-13.599	-22.111
7.423	-14.513	-21.434
8.41	-15.109	-22.436
9.606	-15.207	-22.165
6.633	-15.641	-20.728
5.741	-15.05	-19.634
7.568	-16.694	-20.138
4.91	-16.083	-18.902
7.895	-15.498	-23.596
8.728	-16.073	-24.641
9.545	-14.985	-25.323
10.688	-15.205	-25.719
7.864	-16.809	-25.666
8.475	-18.114	-26.149
7.427	-19.146	-26.521
7.091	-19.988	-25.661
6.941	-19.111	-27.671
8.949	-13.804	-25.443
9.617	-12.67	-26.065
10.815	-12.243	-25.219
11.918	-12.049	-25.736
8.613	-11.516	-26.237
9.207	-10.115	-26.425
8.256	-9.237	-27.222
9.509	-9.485	-25.075
10.597	-12.113	-23.917
11.662	-11.725	-23.009
12.702	-12.836	-22.917
13.89	-12.574	-22.744
11.119	-11.404	-21.601
9.992	-10.374	-21.687
12.234	-10.892	-20.706
8.938	-10.537	-20.612
12.245	-14.077	-23.052
13.136	-15.228	-23.002
13.898	-15.362	-24.314
15.05	-15.799	-24.333
12.344	-16.505	-22.723
13.193	-17.638	-22.167
13.471	-18.719	-23.196
13.833	-19.844	-22.792
13.329	-18.438	-24.406
13.246	-14.986	-25.409
13.855	-15.058	-26.732
15.001	-14.06	-26.864
15.965	-14.301	-27.587
12.805	-14.801	-27.817
12.067	-16.063	-28.235
11.787	-16.944	-27.282
11.746	-16.239	-29.412
14.898	-12.948	-26.144
15.94	-11.929	-26.174
17.081	-12.345	-25.261
18.252	-12.277	-25.633
15.382	-10.572	-25.739
16.361	-9.424	-25.93
16.034	-8.575	-27.141
16.978	-8.129	-27.824
14.833	-8.353	-27.406
16.719	-12.806	-24.073
17.692	-13.273	-23.1
18.406	-14.509	-23.642
19.581	-14.735	-23.353
16.997	-13.599	-21.755
16.308	-12.349	-21.207
17.983	-14.146	-20.728
15.227	-12.654	-20.193
17.692	-15.302	-24.436
18.26	-16.505	-25.026
19.285	-16.135	-26.091
20.401	-16.656	-26.101
17.156	-17.373	-25.63
16.636	-18.438	-24.672
17.006	-19.84	-25.13
16.746	-20.866	-24.039
17.199	-22.227	-24.436
18.907	-15.22	-26.978
19.805	-14.766	-28.032
20.948	-13.94	-27.445
22.015	-13.817	-28.05
19.038	-13.939	-29.064
19.58	-14.081	-30.479
19.438	-12.786	-31.262
18.124	-12.668	-31.893
17.716	-13.419	-32.918
18.511	-14.347	-33.436
16.504	-13.239	-33.424
20.721	-13.37	-26.258
21.727	-12.558	-25.586
22.725	-13.415	-24.798
23.563	-12.876	-24.073
21.039	-11.567	-24.643
20.597	-10.284	-25.326
20.716	-9.089	-24.396
22.098	-8.622	-24.277
22.527	-7.797	-23.322
21.692	-7.335	-22.397
23.801	-7.43	-23.292
22.636	-14.742	-24.924
23.54	-15.633	-24.208
23.383	-15.453	-22.701
24.347	-15.562	-21.946
24.99	-15.368	-24.618
25.819	-16.474	-24.305
22.157	-15.168	-22.281
21.853	-14.957	-20.872
20.763	-15.922	-20.403
20.038	-15.638	-19.448
21.416	-13.511	-20.659
21.669	-12.956	-19.259
23.151	-12.682	-19.06
20.857	-11.69	-19.045
20.656	-17.071	-21.077
19.66	-18.064	-20.712
19.975	-18.762	-19.399
19.151	-19.512	-18.883
21.157	-18.509	-18.845
21.53	-19.115	-17.577
20.941	-18.301	-16.426
20.595	-18.843	-15.377
23.06	-19.218	-17.453
23.758	-17.909	-17.211
23.578	-16.687	-17.769
24.781	-17.762	-16.296
25.197	-16.509	-16.301
24.484	-15.837	-17.185
20.815	-16.991	-16.648
20.251	-16.093	-15.654
18.805	-16.496	-15.343
18.337	-16.367	-14.212
20.325	-14.616	-16.146
20.361	-13.658	-14.956
19.181	-14.259	-17.1
21.559	-13.875	-14.062
18.121	-16.992	-16.369
16.738	-17.43	-16.247
16.667	-18.834	-15.665
17.67	-19.544	-15.618
16.003	-17.416	-17.612
16.825	-18.11	-18.7
15.676	-15.998	-18.028
16.129	-18.162	-20.044
15.476	-19.238	-15.233
15.286	-20.567	-14.669
15.096	-21.59	-15.791
14.069	-22.266	-15.87
14.079	-20.581	-13.727
13.719	-21.905	-13.378
16.093	-21.678	-16.663
16.05	-22.592	-17.795
17.239	-23.541	-17.78
18.256	-23.269	-17.14
16.042	-21.805	-19.118
15.853	-22.729	-20.304
14.962	-20.743	-19.092
17.117	-24.651	-18.499
18.192	-25.629	-18.574
18.855	-25.592	-19.944
18.454	-26.308	-20.861
17.656	-27.033	-18.291
18.654	-28.015	-18.508
19.874	-24.75	-20.077
20.599	-24.615	-21.335
21.726	-25.639	-21.426
22.645	-25.435	-22.248
21.165	-23.201	-21.472
20.385	-22.266	-20.749
21.683	-26.634	-20.674
-12.351	3.848	-25.054
-12.384	4.928	-26.074
-13.68	4.888	-26.877
-14.417	5.873	-26.936
-11.181	4.759	-27.005
-9.967	5.57	-26.583
-9.202	4.944	-25.074
-9.903	6.052	-23.855
-13.955	3.742	-27.492
-15.163	3.574	-28.292
-16.362	3.252	-27.403
-17.408	3.892	-27.5
-14.967	2.462	-29.322
-14.178	2.899	-30.547
-13.751	1.709	-31.389
-14.688	1.448	-32.482
-14.553	0.452	-33.359
-13.527	-0.387	-33.28
-15.455	0.293	-34.318
-16.199	2.256	-26.537
-17.269	1.849	-25.631
-16.777	1.828	-24.186
-15.798	1.156	-23.861
-17.801	0.47	-26.023
-18.977	0.524	-26.985
-18.982	-0.669	-27.926
-19.907	-0.44	-29.11
-21.341	-0.51	-28.716
-17.465	2.57	-23.323
-17.101	2.639	-21.911
-18.137	3.427	-21.12
-18.744	4.369	-21.634
-15.716	3.279	-21.736
-15.321	4.323	-22.792
-16.445	5.326	-23.013
-14.045	5.039	-22.377
-18.334	3.041	-19.864
-19.295	3.713	-18.995
-18.871	5.153	-18.738
-17.683	5.465	-18.725
-19.426	2.963	-17.67
-18.177	2.434	-17.256
-19.85	6.028	-18.52
-19.557	7.434	-18.25
-18.738	7.553	-16.972
-17.916	8.455	-16.829
-20.833	8.286	-18.123
-21.981	7.798	-18.992
-22.27	8.452	-20.017
-22.589	6.766	-18.647
-18.964	6.627	-16.046
-18.239	6.627	-14.786
-16.761	6.371	-15.023
-15.907	6.993	-14.396
-18.822	5.579	-13.831
-19.716	6.17	-12.752
-19.538	5.488	-11.41
-20.434	4.718	-11.012
-18.498	5.724	-10.758
-16.467	5.46	-15.943
-15.085	5.135	-16.277
-14.512	6.163	-17.238
-13.361	6.578	-17.105
-14.983	3.734	-16.871
-14.848	2.62	-15.837
-16.214	2.188	-15.335
-14.089	1.443	-16.425
-15.328	6.585	-18.199
-14.904	7.585	-19.17
-14.592	8.891	-18.456
-13.586	9.545	-18.737
-15.991	7.8	-20.223
-15.707	8.909	-21.239
-14.663	8.455	-22.245
-16.989	9.325	-21.947
-15.452	9.247	-17.514
-15.261	10.458	-16.742
-14.144	10.253	-15.727
-13.374	11.17	-15.441
-16.565	10.886	-16.043
-17.63	11.161	-17.098
-16.348	12.118	-15.175
-19.035	10.981	-16.591
-14.044	9.034	-15.216
-12.997	8.695	-14.263
-11.631	8.852	-14.92
-10.649	9.156	-14.252
-13.178	7.262	-13.755
-13.932	7.173	-12.438
-13.069	7.54	-11.246
-13.621	8.053	-10.25
-11.842	7.317	-11.309
-11.581	8.663	-16.238
-10.336	8.81	-16.974
-9.979	10.283	-17.079
-8.843	10.68	-16.818
-10.461	8.194	-18.37
-9.206	7.725	-18.835
-10.97	11.093	-17.438
-10.771	12.529	-17.551
-10.424	13.113	-16.189
-9.566	13.986	-16.069
-12.032	13.201	-18.094
-11.875	14.684	-18.336
-12.509	15.61	-17.518
-11.09	15.16	-19.379
-12.368	16.968	-17.734
-10.943	16.516	-19.601
-11.584	17.417	-18.775
-11.441	18.767	-18.993
-11.103	12.612	-15.161
-10.878	13.068	-13.795
-9.517	12.59	-13.291
-8.737	13.367	-12.739
-11.995	12.556	-12.88
-13.339	13.233	-13.065
-14.321	13.101	-12.095
-13.627	13.987	-14.199
-15.558	13.7	-12.25
-14.86	14.588	-14.356
-15.828	14.445	-13.379
-9.238	11.307	-13.497
-7.972	10.723	-13.075
-6.807	11.401	-13.783
-5.792	11.723	-13.169
-7.949	9.222	-13.371
-8.637	8.378	-12.308
-8.403	6.894	-12.537
-9.33	6.342	-13.607
-8.867	5.021	-14.111
-6.963	11.606	-15.089
-5.924	12.233	-15.892
-5.605	13.64	-15.403
-4.451	14.061	-15.422
-6.333	12.258	-17.359
-6.626	14.367	-14.97
-6.426	15.724	-14.479
-5.646	15.708	-13.168
-4.878	16.624	-12.88
-7.766	16.432	-14.288
-8.592	16.497	-15.554
-8.545	15.782	-13.299
-5.853	14.66	-12.376
-5.172	14.524	-11.093
-3.713	14.112	-11.276
-2.819	14.651	-10.623
-5.906	13.505	-10.213
-6.665	14.139	-9.056
-6.615	13.297	-7.797
-7.692	12.871	-7.326
-5.503	13.063	-7.28
-3.482	13.15	-12.157
-2.137	12.655	-12.42
-1.394	13.515	-13.446
-0.18	13.397	-13.597
-2.209	11.211	-12.91
-2.834	11.054	-14.288
-2.735	9.367	-14.909
-4.464	9.021	-15.221
-2.131	14.365	-14.161
-1.547	15.229	-15.19
-1.238	14.419	-16.444
-0.225	14.635	-17.107
-0.278	15.924	-14.686
-0.427	16.459	-13.274
0.224	15.804	-12.321
-1.118	17.45	-13.044
-2.131	13.484	-16.758
-1.981	12.622	-17.926
-1.875	13.461	-19.2
-2.331	14.605	-19.235
-3.177	11.669	-18.017
-2.919	10.342	-18.737
-3.962	9.31	-18.33
-2.916	10.535	-20.252
-1.261	12.893	-20.241
-1.08	13.587	-21.524
-2.338	14.349	-21.954
-3.458	13.858	-21.805
-0.687	12.587	-22.612
0.045	13.244	-23.765
1.147	12.638	-24.19
-0.376	14.285	-24.269
-2.137	15.553	-22.477
-3.242	16.397	-22.92
-4.086	15.704	-23.981
-5.282	15.967	-24.103
-2.709	17.722	-23.466
-3.71	18.862	-23.384
-3.028	20.184	-23.063
-2.603	20.253	-21.667
-2.082	21.342	-21.097
-1.915	22.459	-21.796
-1.723	21.312	-19.82
-3.463	14.823	-24.753
-4.174	14.108	-25.803
-5.248	13.197	-25.217
-6.345	13.088	-25.764
-3.199	13.293	-26.656
-2.543	14.127	-27.738
-1.698	14.983	-27.397
-2.87	13.924	-28.925
-4.934	12.565	-24.093
-5.885	11.687	-23.428
-6.955	12.522	-22.752
-8.144	12.216	-22.823
-5.174	10.802	-22.402
-5.896	9.517	-22.117
-6.171	9.137	-20.811
-6.303	8.69	-23.15
-6.837	7.955	-20.546
-6.969	7.507	-22.89
-7.236	7.139	-21.585
-6.518	13.599	-22.111
-7.423	14.513	-21.434
-8.41	15.109	-22.436
-9.606	15.207	-22.165
-6.633	15.641	-20.728
-5.741	15.05	-19.634
-7.568	16.694	-20.138
-4.91	16.083	-18.902
-7.895	15.498	-23.596
-8.728	16.073	-24.641
-9.545	14.985	-25.323
-10.688	15.205	-25.719
-7.864	16.809	-25.666
-8.475	18.114	-26.149
-7.427	19.146	-26.521
-7.091	19.988	-25.661
-6.941	19.111	-27.671
-8.949	13.804	-25.443
-9.617	12.67	-26.065
-10.815	12.243	-25.219
-11.918	12.049	-25.736
-8.613	11.516	-26.237
-9.207	10.115	-26.425
-8.256	9.237	-27.222
-9.509	9.485	-25.075
-10.597	12.113	-23.917
-11.662	11.725	-23.009
-12.702	12.836	-22.917
-13.89	12.574	-22.744
-11.119	11.404	-21.601
-9.992	10.374	-21.687
-12.234	10.892	-20.706
-8.938	10.537	-20.612
-12.245	14.077	-23.052
-13.136	15.228	-23.002
-13.898	15.362	-24.314
-15.05	15.799	-24.333
-12.344	16.505	-22.723
-13.193	17.638	-22.167
-13.471	18.719	-23.196
-13.833	19.844	-22.792
-13.329	18.438	-24.406
-13.246	14.986	-25.409
-13.855	15.058	-26.732
-15.001	14.06	-26.864
-15.965	14.301	-27.587
-12.805	14.801	-27.817
-12.067	16.063	-28.235
-11.787	16.944	-27.282
-11.746	16.239	-29.412
-14.898	12.948	-26.144
-15.94	11.929	-26.174
-17.081	12.345	-25.261
-18.252	12.277	-25.633
-15.382	10.572	-25.739
-16.361	9.424	-25.93
-16.034	8.575	-27.141
-16.978	8.129	-27.824
-14.833	8.353	-27.406
-16.719	12.806	-24.073
-17.692	13.273	-23.1
-18.406	14.509	-23.642
-19.581	14.735	-23.353
-16.997	13.599	-21.755
-16.308	12.349	-21.207
-17.983	14.146	-20.728
-15.227	12.654	-20.193
-17.692	15.302	-24.436
-18.26	16.505	-25.026
-19.285	16.135	-26.091
-20.401	16.656	-26.101
-17.156	17.373	-25.63
-16.636	18.438	-24.672
-17.006	19.84	-25.13
-16.746	20.866	-24.039
-17.199	22.227	-24.436
-18.907	15.22	-26.978
-19.805	14.766	-28.032
-20.948	13.94	-27.445
-22.015	13.817	-28.05
-19.038	13.939	-29.064
-19.58	14.081	-30.479
-19.438	12.786	-31.262
-18.124	12.668	-31.893
-17.716	13.419	-32.918
-18.511	14.347	-33.436
-16.504	13.239	-33.424
-20.721	13.37	-26.258
-21.727	12.558	-25.586
-22.725	13.415	-24.798
-23.563	12.876	-24.073
-21.039	11.567	-24.643
-20.597	10.284	-25.326
-20.716	9.089	-24.396
-22.098	8.622	-24.277
-22.527	7.797	-23.322
-21.692	7.335	-22.397
-23.801	7.43	-23.292
-22.636	14.742	-24.924
-23.54	15.633	-24.208
-23.383	15.453	-22.701
-24.347	15.562	-21.946
-24.99	15.368	-24.618
-25.819	16.474	-24.305
-22.157	15.168	-22.281
-21.853	14.957	-20.872
-20.763	15.922	-20.403
-20.038	15.638	-19.448
-21.416	13.511	-20.659
-21.669	12.956	-19.259
-23.151	12.682	-19.06
-20.857	11.69	-19.045
-20.656	17.071	-21.077
-19.66	18.064	-20.712
-19.975	18.762	-19.399
-19.151	19.512	-18.883
-21.157	18.509	-18.845
-21.53	19.115	-17.577
-20.941	18.301	-16.426
-20.595	18.843	-15.377
-23.06	19.218	-17.453
-23.758	17.909	-17.211
-23.578	16.687	-17.769
-24.781	17.762	-16.296
-25.197	16.509	-16.301
-24.484	15.837	-17.185
-20.815	16.991	-16.648
-20.251	16.093	-15.654
-18.805	16.496	-15.343
-18.337	16.367	-14.212
-20.325	14.616	-16.146
-20.361	13.658	-14.956
-19.181	14.259	-17.1
-21.559	13.875	-14.062
-18.121	16.992	-16.369
-16.738	17.43	-16.247
-16.667	18.834	-15.665
-17.67	19.544	-15.618
-16.003	17.416	-17.612
-16.825	18.11	-18.7
-15.676	15.998	-18.028
-16.129	18.162	-20.044
-15.476	19.238	-15.233
-15.286	20.567	-14.669
-15.096	21.59	-15.791
-14.069	22.266	-15.87
-14.079	20.581	-13.727
-13.719	21.905	-13.378
-16.093	21.678	-16.663
-16.05	22.592	-17.795
-17.239	23.541	-17.78
-18.256	23.269	-17.14
-16.042	21.805	-19.118
-15.853	22.729	-20.304
-14.962	20.743	-19.092
-17.117	24.651	-18.499
-18.192	25.629	-18.574
-18.855	25.592	-19.944
-18.454	26.308	-20.861
-17.656	27.033	-18.291
-18.654	28.015	-18.508
-19.874	24.75	-20.077
-20.599	24.615	-21.335
-21.726	25.639	-21.426
-22.645	25.435	-22.248
-21.165	23.201	-21.472
-20.385	22.266	-20.749
-21.683	26.634	-20.674
